  -67.725342      -22.120159      0.38443089    
  -67.737122      -22.222416       2.2154000    
  -68.084473      -22.405146       31.183317    
  -67.432678      -21.810196       96.946121    
  -67.348999      -22.163448       70.037117    
  -67.630859      -21.941511       7.6541486    
  -67.368286      -21.887100     -0.54396945    
  -67.802490      -22.164124       4.0724812    
  -67.683167      -22.076429       22.983601    
  -68.399414      -22.355841       78.129135    
  -67.300110      -22.621735       51.070000    
  -67.723938      -22.080265       55.270100    
  -67.644958      -22.363432       1.0159210    
  -67.139648      -22.399191       31.397499    
  -67.567139      -21.965910       39.269081    
  -67.307007      -22.152002       96.387100    
  -67.017258      -23.149345       60.236969    
  -67.769714      -22.144527       45.623299    
  -67.288818      -22.186232       3.4632812    
  -67.227051      -22.645939       66.866142    
  -67.014694      -21.898813       1.3724999    
  -66.570099      -22.633167      -2.7364671    
  -66.985321      -21.993040       226.77110    
  -67.197845      -22.424715       7.9801245    
  -67.693054      -22.293314       2.0362363    
  -66.726471      -22.515085      -1.5051897    
  -67.576599      -21.963938       41.034081    
  -67.740662      -22.129137       48.772087    
  -67.589966      -21.954189       35.531502    
  -67.769287      -22.219954       61.708729    
  -67.209839      -22.242441      0.63770849    
  -67.461731      -22.240383       94.137192    
  -67.637451      -22.313545       33.217384    
  -67.767822      -22.093019       67.042892    
  -67.212708      -22.233265       8.3684607    
  -67.217163      -22.238337      0.87720346    
  -67.639832      -22.190081       67.309952    
  -67.751221      -22.095905       52.448139    
  -67.209167      -22.170513       42.348099    
  -67.207703      -22.632086       60.847279    
  -67.654663      -22.273443       40.493301    
  -67.459839      -22.094046       71.361107    
  -67.141815      -21.868446       96.290802    
  -67.282593      -22.224611       70.858337    
  -67.593506      -22.569342       53.806900    
  -67.217468      -22.237732      0.23439884    
  -67.426758      -21.534002       157.53630    
  -67.585876      -22.389854       74.520554    
  -67.431641      -21.575083       92.974937    
  -67.824036      -22.045887       69.915909    
  -67.557983      -22.046564       44.963600    
  -67.592163      -21.928083       66.617386    
  -67.742554      -22.353014       45.214500    
  -67.044342      -22.639452       108.14703    
  -67.104965      -21.862450       92.568810    
  -67.764160      -22.201046       49.854935    
  -67.213867      -22.241243      0.92454815    
  -67.740906      -22.180643       43.569199    
  -67.516541      -22.356937       36.799187    
  -67.958557      -22.291582       60.794899    
  -66.940262      -21.233738       249.80130    
  -67.178619      -21.951078       47.938538    
  -67.794922      -22.083471       61.214577    
  -67.745544      -22.338505       36.699898    
  -67.821655      -21.895281       86.467407    
  -67.418823      -22.205757       16.312904    
  -67.342590      -22.182274       19.508778    
  -67.217957      -22.243444       1.1138167    
  -66.986023      -22.276901       77.521797    
  -67.337402      -21.801941       83.822304    
  -67.596313      -22.258318       29.987200    
  -67.683960      -21.931353       68.075699    
  -67.767273      -22.252918       51.702801    
  -67.148956      -21.918579       68.125687    
  -67.191315      -22.264194      0.64289111    
  -67.217712      -22.242970      0.18011749    
  -67.217041      -22.245293      0.66432309    
  -67.143784      -22.309948     -0.27177203    
  -67.831482      -22.287489       57.311562    
  -67.659119      -22.192223       19.773300    
  -67.887817      -22.187666       6.2633281    
  -67.765503      -21.997047       73.393684    
  -67.766541      -22.206354       3.9834156    
  -67.558228      -21.968761       33.053165    
  -67.847107      -22.304638       54.323799    
  -67.227051      -21.623793       105.10499    
  -67.362244      -22.129988       23.434000    
  -67.125458      -21.425564       119.29320    
  -67.047363      -22.608835       84.959801    
  -67.158173      -22.223019       12.485453    
  -66.535156      -22.536331       123.12702    
  -67.743164      -22.090870       60.941532    
  -67.813477      -22.101912       66.126610    
  -67.714844      -22.300610       36.483398    
  -67.132385      -22.860363       97.479897    
  -67.521240      -21.954569       25.833624    
  -67.191193      -21.762022       81.555687    
  -67.551636      -21.917936       44.956406    
  -67.560608      -22.172493       2.4563999    
  -67.716125      -22.014854       72.641205    
  -67.597290      -22.433966       34.549023    
  -67.731689      -22.127869       64.865417    
  -67.133286      -22.435259       1.7939918    
  -67.140762      -22.418066       2.0760031    
  -67.120392      -22.411114      0.16038382    
  -67.139648      -22.406279      0.66493011    
  -67.141815      -22.415716       1.8360947    
  -67.139297      -22.412169       1.1169522    
  -67.139465      -22.411036       1.5136406    
  -67.142883      -22.414419       2.6583548    
  -67.136703      -22.421740       1.1573310    
  -67.140289      -22.418018       2.0561595    
  -67.184753      -22.452429       7.1223564    
  -67.141251      -22.424284       2.9125423    
  -67.142212      -22.426004       1.8231596    
  -67.137970      -22.422422       3.2995133    
  -67.141846      -22.424891       3.0126553    
  -67.122620      -22.466171       18.604801    
  -67.140594      -22.464714       2.6355321    
  -67.138123      -22.417948       2.9305177    
  -67.157669      -22.403395       3.6788657    
  -67.141357      -22.420475       2.6255326    
  -67.769531      -22.239456       45.021202    
  -67.515015      -22.381315       42.929585    
  -67.146820      -22.413149       4.2900372    
  -67.355835      -22.206907       4.8841000    
  -67.793335      -22.014650       59.756844    
  -67.612793      -21.971384       48.508568    
  -67.612793      -22.433149       49.959122    
  -67.149139      -22.716419       70.469299    
  -66.971100      -22.249382       87.692299    
  -67.375122      -21.131624       220.13243    
  -67.794556      -22.196674       50.304451    
  -67.729492      -22.069550       36.852982    
  -67.113953      -21.932955       66.589149    
  -67.749207      -22.072882       57.329678    
  -67.504028      -21.992226       31.026537    
  -67.685791      -22.452934       43.526756    
  -67.598450      -22.145275       41.918499    
  -67.069061      -22.406702       63.094902    
  -67.763489      -22.248379       45.216991    
  -67.410339      -21.866402       36.323418    
  -67.533569      -21.939129       36.028999    
  -67.789124      -22.058453       60.260921    
  -67.631592      -22.348211       40.378101    
  -67.600342      -22.360256       41.650501    
  -67.354858      -21.958609       24.824900    
  -66.589325      -22.801233       67.893600    
  -67.229187      -22.680185       64.560501    
  -67.725586      -22.130156       48.010735    
  -67.117828      -22.562731       54.510300    
  -67.686340      -22.359476       26.623600    
  -67.122589      -22.823111       107.55500    
  -67.263367      -22.544592       50.067020    
  -67.080383      -21.742212       90.920723    
  -67.146057      -21.735008       42.630444    
  -67.159683      -22.458244       66.319702    
  -67.842224      -22.216248       21.870579    
  -68.113586      -22.244753       87.936653    
  -67.483826      -22.707785       46.524300    
  -67.701904      -22.045464       6.6357999    
  -67.694092      -21.888943       52.272499    
  -67.140472      -21.939287       77.829582    
  -67.691223      -22.290930       41.896080    
  -67.074493      -22.483683       80.008980    
  -67.054291      -21.809471       115.07820    
  -67.186218      -22.391893       3.9416418    
  -67.557739      -22.418465       45.199467    
  -67.769165      -22.201033       54.086670    
  -67.742432      -21.986004       64.856270    
  -67.654236      -22.580626       3.0033000    
  -67.134399      -22.442343       2.4446616    
  -68.112854      -22.375322       75.385803    
  -67.751160      -22.291681       54.514400    
  -67.772400      -22.086760       52.925861    
  -67.525024      -21.981514       34.105408    
  -67.773010      -22.103096       51.874603    
  -66.974213      -21.840523       95.076202    
  -67.985046      -22.264956       82.229004    
  -67.548706      -22.058796       37.983223    
  -67.469299      -22.645073       35.855003    
  -67.021301      -22.262678       73.308502    
  -66.797852      -22.449472       2.2688999    
  -67.804810      -22.430971       54.176804    
  -67.725586      -22.129293       51.248997    
  -67.695923      -22.052235       54.766296    
  -67.224854      -22.296442       3.3140390    
  -67.163025      -22.327326       3.3629136    
  -67.168610      -22.316172       2.6342797    
  -67.752502      -21.971378       52.120583    
  -67.119080      -22.263124       5.8419218    
  -66.799927      -22.465782       4.6072001    
  -67.218689      -22.290358       4.3006210    
  -67.162125      -22.698828       64.088898    
  -67.037369      -22.381884       5.3470640    
  -67.037689      -22.382471       5.0952559    
  -67.032318      -22.381868       4.5241318    
  -67.041977      -22.381416       10.532290    
  -67.039703      -22.379993       5.9945750    
  -67.040924      -22.393263       8.3658934    
  -66.970062      -21.902601       4.8439503    
  -67.106812      -22.261831       245.96710    
  -68.002136      -21.741840       74.778694    
  -67.892639      -22.154833       18.829775    
  -67.600525      -22.030758       48.331100    
  -67.280701      -22.280146       22.416367    
  -67.635559      -22.374769       26.046600    
  -67.913391      -21.989428       78.061539    
  -67.527405      -22.364626       67.425400    
  -67.848328      -22.038790       61.459301    
  -67.556458      -22.007536       35.097275    
  -67.215210      -22.287741       7.3752623    
  -67.290771      -22.560085       3.1909969    
  -67.283386      -22.576313       3.5789292    
  -67.801147      -22.208637       57.075394    
  -67.264771      -21.808283       92.842781    
  -67.144409      -22.534517       72.577332    
  -67.646912      -22.413527       11.037239    
  -67.105286      -22.722548       1.8887862    
  -67.760071      -22.102688       61.981098    
  -67.243042      -21.825666       79.696053    
  -67.827637      -22.122320       63.411674    
  -66.911499      -22.718090       15.026251    
  -66.746429      -21.900276       6.7420049    
  -67.287170      -22.087700       3.1294000    
  -67.548462      -22.324730       40.518501    
  -67.202820      -22.002811       7.2879000    
  -67.028687      -22.370678       4.2288299    
  -67.438904      -22.096821       24.343767    
  -67.312683      -22.159227       12.964646    
  -67.071228      -21.893257       69.014633    
  -67.093506      -22.461817       3.2805650    
  -67.095917      -22.462374       3.7158558    
  -67.096130      -22.465290       3.7663913    
  -67.095322      -22.463976       3.7560995    
  -67.092270      -22.459709       3.3132458    
  -67.122284      -22.407101       4.3124304    
  -67.103012      -22.465506       4.1462393    
  -67.099670      -22.453234       4.1422601    
  -67.110596      -22.473364       4.5528369    
  -67.096313      -22.465881       3.8356771    
  -67.097321      -22.463514       3.7030687    
  -67.097763      -22.466013       4.0830512    
  -67.091187      -22.455662       3.4040985    
  -67.081985      -22.450613       3.1038394    
  -67.089920      -22.450468       3.1539376    
  -67.095062      -22.454216       3.6413875    
  -67.109741      -22.471664       4.0863571    
  -67.091949      -22.449570       3.0569706    
  -67.098602      -22.462248       3.7364640    
  -67.113220      -22.479706       4.6523767    
  -67.100128      -22.458548       3.2580624    
  -67.099609      -22.461836       3.9940948    
  -67.093277      -22.457397       3.6452293    
  -67.110733      -22.467442       4.6548729    
  -67.088913      -22.460884       3.6706192    
  -67.773010      -22.385658       57.138889    
  -67.106354      -22.450544       3.9247665    
  -67.094360      -22.459272       3.9373317    
  -67.101135      -22.458351       3.7677193    
  -67.107849      -22.465338       4.9908524    
  -67.109695      -22.455915       4.6685829    
  -67.095734      -22.461826       3.8623123    
  -67.094147      -22.462799       3.6457243    
  -67.082458      -22.435221       1.5709072    
  -67.085846      -22.447359       2.9714694    
  -67.102432      -22.470919       3.5922470    
  -67.096954      -22.457527       3.7273076    
  -67.264648      -22.588963       57.055096    
  -67.042297      -23.014433       146.99100    
  -66.788284      -22.416393       19.494137    
  -66.927307      -21.897860       8.7320213    
  -67.066010      -22.310495       4.7066636    
  -67.247192      -22.221201       95.905220    
  -67.065674      -22.310217       4.8987904    
  -67.288391      -22.277290       5.3247943    
  -67.041290      -22.375788       3.3606076    
  -67.353638      -22.124369       29.915018    
  -66.768402      -22.539560       5.1869998    
  -67.202087      -22.293684       3.6300817    
  -67.178558      -22.310097       3.6266000    
  -67.225647      -22.337841       5.5278683    
  -67.166748      -22.327311       18.528900    
  -67.182251      -22.333466       4.4326220    
  -67.174332      -22.325953       3.9234302    
  -67.184082      -22.328232       4.6750717    
  -67.360352      -22.125711       26.572403    
  -67.256348      -22.195383       4.6367536    
  -67.150055      -22.287258       3.4916883    
  -67.152283      -22.295551       4.8690190    
  -67.268372      -22.188707       4.9526324    
  -67.224976      -22.275106       3.9727173    
  -67.222290      -22.278320       4.1070356    
  -67.163101      -22.303396       3.8341999    
  -67.157959      -22.306379       4.9069843    
  -66.833923      -22.443419       4.6537466    
  -67.258850      -22.195852       3.9027328    
  -67.256775      -22.200100       3.4030099    
  -67.261719      -22.200447       4.0512233    
  -67.254944      -22.199806       3.6774182    
  -67.257019      -22.198856       4.0242605    
  -67.283630      -22.179268       11.497281    
  -67.261475      -22.226496       14.919600    
  -67.276306      -22.179838       11.633460    
  -67.232666      -22.196625       12.105688    
  -67.710815      -22.414343       18.436316    
  -66.687149      -22.556694       18.429571    
  -66.907288      -22.413124       3.5795624    
  -66.950027      -21.876863       9.7841349    
  -67.663147      -22.644531       8.0805359    
  -67.260498      -22.271969       7.0518985    
  -67.258972      -22.265594       3.7885151    
  -66.721786      -22.567724       20.809391    
  -67.248291      -22.281408       6.4840093    
  -67.263489      -22.264805       3.7565985    
  -67.427185      -22.681410       21.846680    
  -67.447205      -22.503544       21.072372    
  -66.718521      -22.600183       23.388901    
  -67.419617      -22.532240       14.319375    
  -67.182388      -22.306128     -0.13775086    
  -66.772583      -22.528994       25.509600    
  -66.556244      -22.651814       5.0153642    
  -67.160095      -22.298399       2.7032633    
  -67.233948      -22.394205     -0.75387418    
  -67.180267      -22.339573       4.6915364    
  -67.251160      -22.162590       3.2979946    
  -66.629868      -22.636066       16.461298    
  -66.600677      -22.639307       8.5671825    
  -66.722748      -22.643690       27.126467    
  -66.582245      -22.626509       6.7262368    
  -67.090439      -22.453705       3.3181872    
  -67.630798      -22.670218       6.8735065    
  -67.194962      -22.416252       3.9137096    
  -67.194946      -22.415108       4.3194103    
  -67.161194      -22.271442       5.0759530    
  -66.588379      -22.596289       11.626700    
  -67.268738      -21.820635       72.133415    
  -67.776306      -22.058533       5.9745998    
  -67.238464      -22.233442       5.4940944    
  -67.245300      -22.223127       3.4012842    
  -67.107422      -22.568104       2.6374388    
  -67.099945      -21.941631       4.7830372    
  -66.908401      -22.379335       12.695605    
  -66.600845      -22.613987       10.609400    
  -67.419800      -22.436789       47.097500    
  -66.960815      -22.367899       8.5159893    
  -67.189651      -22.260866       9.8595047    
  -67.566162      -21.937351       64.389328    
  -67.383667      -21.893528       33.430801    
  -67.666138      -21.919497       53.594028    
  -67.503174      -21.873243       61.294296    
  -66.569962      -22.617413       8.8198996    
  -67.276306      -22.282454       4.6427875    
  -66.675644      -22.586689       22.847200    
  -67.032043      -22.383049       3.8112831    
  -66.599213      -22.612984       16.559090    
  -67.748901      -22.279705       34.431572    
  -67.034119      -22.390907       4.4298406    
  -67.100830      -22.369040       5.5125661    
  -67.107605      -22.538864       4.2089663    
  -66.974594      -22.134550       5.6581068    
  -67.210693      -22.330313       4.6281705    
  -67.203735      -22.331587       4.8272333    
  -67.203918      -22.329201       4.9677677    
  -67.198868      -22.327612       4.4937587    
  -67.206299      -22.318926       3.0849805    
  -67.205750      -22.324066       4.9902601    
  -67.214355      -22.332022       4.9790597    
  -67.200623      -22.323084       4.3670373    
  -67.218994      -22.330587       4.4944530    
  -67.206360      -22.288786       28.095936    
  -67.202942      -22.331396       4.4874249    
  -67.207458      -22.321104       4.9877996    
  -67.210571      -22.329220       4.5527663    
  -67.208679      -22.328142       4.0922151    
  -67.199600      -22.327669       4.6675644    
  -67.195313      -22.320845       4.3360143    
  -67.195892      -22.315723       4.6693311    
  -67.211975      -22.286432       4.7628703    
  -66.994537      -22.409704       20.763763    
  -67.029770      -22.393379       3.5792086    
  -67.625122      -22.328848       120.56920    
  -67.230042      -22.144953       101.43781    
  -67.173889      -22.269777       4.8667345    
  -67.744385      -22.213165       13.572669    
  -67.196640      -21.595488       184.76178    
  -67.236877      -21.263540       309.07089    
  -67.264343      -21.883331       109.86533    
  -67.529968      -22.223639       107.48768    
  -67.182922      -22.322514       76.864197    
  -67.092255      -22.423893       60.212303    
  -67.261353      -22.065090       155.90950    
  -66.831665      -22.509005       122.83609    
  -67.185196      -21.635342       100.59865    
  -67.353821      -22.515274       112.92294    
  -67.184845      -22.724962       207.54289    
  -67.031921      -22.605949       194.62801    
  -67.374023      -22.364752       167.39050    
  -67.286072      -22.581665       101.83110    
  -67.052124      -22.567898       108.71720    
  -67.191559      -22.124233       120.68280    
  -67.381836      -22.082134       109.10770    
  -67.235901      -21.907879       99.249352    
  -67.300781      -21.861580       122.37720    
  -67.152466      -21.831545       106.56325    
  -67.025085      -21.176924       186.35210    
  -67.221558      -22.636158       173.40312    
  -66.805908      -22.226122       109.13080    
  -67.123978      -21.491957       197.30836    
  -66.907364      -22.433420      -3.0731487    
  -66.915283      -22.717896       13.123715    
  -67.752136      -21.840023       19.711920    
  -67.567627      -21.979467       20.699200    
  -67.703979      -21.874781       21.308052    
  -67.828064      -21.781635       11.014428    
  -67.385193      -21.998911       45.721100    
  -67.766235      -21.841286       25.027548    
  -67.790039      -21.789377       19.998423    
  -67.217041      -22.427509       42.339401    
  -67.709900      -22.164850       40.724453    
  -66.974579      -22.233461       40.399231    
  -67.276001      -22.199247       70.599800    
  -67.754639      -22.033066       55.634171    
  -67.199265      -22.857162       130.56493    
  -67.079559      -22.072012       108.15306    
  -67.354797      -22.103828       30.827457    
  -67.340332      -22.252518       14.577900    
  -67.078583      -22.385904       2.2876248    
  -67.068848      -22.388535     -0.28000236    
  -67.091278      -22.471649       3.5950277    
  -67.753784      -22.268408       21.157570    
  -67.704956      -22.280983       22.266277    
  -67.739380      -22.239222       12.171120    
  -67.169846      -22.272728       4.3584385    
  -67.695068      -21.877388       15.588001    
  -67.749512      -21.860323       21.624401    
  -67.737854      -21.855801       18.749823    
  -67.798767      -21.810736       17.082470    
  -67.843140      -22.175936       21.625710    
  -67.952393      -22.284283       90.291702    
  -67.215820      -22.237486       4.4001217    
  -67.746216      -22.483688       16.653215    
  -67.700378      -22.469744       14.015491    
  -67.723633      -22.354090       7.5314746    
  -67.223694      -22.217590       20.266806    
  -66.817169      -22.115047       30.111799    
  -67.213928      -22.243143       4.8047638    
  -67.215820      -22.245203       4.6280966    
  -67.124100      -21.756620       244.10841    
  -67.220154      -22.284992       4.3090315    
  -67.215332      -22.244343       6.4617429    
  -68.227539      -22.805773      -1.8763223    
  -67.191498      -22.268980       4.8800311    
  -67.127869      -22.305170       4.7839580    
  -67.207031      -22.247776       10.498558    
  -67.218628      -22.284023       4.0141315    
  -67.144073      -22.411161       3.7773681    
  -67.144394      -22.408371       3.5457785    
  -67.148453      -22.419067       5.4865422    
  -67.131638      -22.416056       4.2329283    
  -67.146194      -22.409418       4.0970697    
  -67.145157      -22.409985       4.6132874    
  -67.142731      -22.414808       4.2103333    
  -67.137024      -22.412054       4.2451563    
  -67.141174      -22.407188       4.0076199    
  -67.128357      -22.410854       4.0034494    
  -67.140289      -22.408064       4.3865647    
  -67.144104      -22.435778       13.652358    
  -67.184143      -22.389954       5.7815132    
  -67.144516      -22.417322       4.4020166    
  -67.142731      -22.419594       5.3002000    
  -66.822266      -22.378185      -2.7720718    
  -66.557098      -22.595793       2.6963000    
  -66.980988      -22.434311       5.8135529    
  -66.716354      -22.568090       15.049299    
  -66.833527      -21.839437       5.7287712    
  -67.176331      -22.222673       4.8401089    
  -67.523254      -22.332121       2.7593002    
  -67.215942      -22.060501       5.1592793    
  -67.352844      -22.648418       2.9383812    
  -67.101318      -22.536594       5.1312504    
  -66.895538      -22.100370       6.1332431    
  -67.159729      -22.308168       3.5119157    
  -67.148621      -22.311092       1.8213919    
  -67.146332      -22.323904       3.3281393    
  -67.157501      -22.310295       4.2424002    
  -67.153076      -22.308039       4.3123379    
  -67.789307      -22.518047       11.701581    
  -67.595276      -22.234919       3.9474616    
  -66.937622      -21.893560       6.3736253    
  -67.265869      -22.276396       3.6860094    
  -67.092911      -22.536016       4.8410177    
  -67.212830      -22.257086       3.5220842    
  -67.220642      -22.321653       4.7630177    
  -66.984024      -23.116432       127.10141    
  -66.818329      -22.352293       6.1613998    
  -68.411194      -22.341599       91.713036    
  -67.198502      -22.234879       5.0100017    
  -67.261597      -22.352283       1.1852946    
  -67.150116      -22.182995       4.4815345    
  -67.095123      -22.533869       5.0778494    
  -66.815796      -22.375202       3.9442153    
  -67.188568      -21.939762       27.067200    
  -67.212830      -22.294008       1.4820561    
  -67.248413      -22.191830       3.9100142    
  -66.818756      -22.913086       192.71249    
  -67.648438      -22.914841       24.254234    
  -67.603577      -22.568195       5.2126002    
  -67.213196      -21.835922       175.18768    
  -67.126709      -21.845724       52.863426    
  -67.242371      -22.212217       1.2270479    
  -67.199600      -22.121746       14.499778    
  -67.152985      -22.296082       5.0140676    
  -66.657913      -22.632889       10.413731    
  -66.858337      -22.425587       4.1197472    
  -66.815582      -22.373320       5.6775289    
  -66.826843      -22.381195       5.4906001    
  -67.868469      -22.024651       62.052471    
  -66.805801      -22.336283       4.9984999    
  -66.860458      -22.431961       4.7114854    
  -67.426880      -22.665541       39.755501    
  -67.225647      -22.275719       4.2573271    
  -67.208984      -22.283800       5.2375998    
  -67.254517      -22.282940       4.5068107    
  -67.526489      -21.960506       8.0387001    
  -67.252441      -21.909977       21.953800    
  -67.645447      -22.417833       32.932899    
  -67.301880      -22.613039       42.889774    
  -67.408325      -22.160318       29.651760    
  -66.847229      -22.422388       5.0337000    
  -67.182068      -22.298534       4.6904845    
  -67.179260      -22.301260       4.6307564    
  -67.188156      -22.291969       4.0051265    
  -67.236572      -22.325371       11.212328    
  -67.164169      -22.351664       9.1029339    
  -67.169708      -22.342283       4.3662176    
  -67.161713      -22.345732       4.5743699    
  -67.166199      -22.350060       4.8587275    
  -67.147247      -22.368023       1.8979748    
  -67.296387      -22.392250       17.387148    
  -67.176239      -22.359488       15.000900    
  -67.165497      -22.342735       4.5984631    
  -67.156158      -22.337503       4.3998237    
  -67.161194      -22.341562       3.7269011    
  -67.177979      -22.357527       10.524072    
  -67.167404      -22.343872       4.4414458    
  -67.186172      -22.349449       7.3937097    
  -67.186508      -22.358320       4.1309476    
  -67.156433      -22.351547       3.7114391    
  -67.150726      -22.349239       2.8046346    
  -67.152924      -22.345251       3.9956186    
  -67.169189      -22.346531       5.7564263    
  -67.186523      -22.242138       3.7428942    
  -66.897018      -21.900398       4.8375969    
  -67.159515      -22.352291       4.4743924    
  -66.865967      -22.403746       1.8800304    
  -67.193573      -22.286381       2.6354699    
  -66.857697      -22.430004       4.2999001    
  -67.157990      -22.297920       1.9073926    
  -67.164368      -22.285900      9.91013050E-02
  -67.220215      -22.290663       4.2456226    
  -67.257690      -22.196424       4.0757008    
  -67.258728      -22.197025       4.1182270    
  -67.258545      -22.196285       4.1456251    
  -67.711304      -22.336174       33.912498    
  -67.157272      -22.343010       4.5160694    
  -67.167328      -22.349918       4.2963891    
  -67.160736      -22.345779       3.5484815    
  -67.160583      -22.348679       4.0062647    
  -67.165070      -22.348251       4.2864752    
  -67.159393      -22.348831       3.5155618    
  -67.160080      -22.350990       3.6503634    
  -67.176483      -22.429352       4.2640510    
  -67.693115      -22.153522       51.269798    
  -67.231873      -22.195694       18.324926    
  -66.600586      -22.615049       9.7328997    
  -67.175995      -22.327133       13.794086    
  -66.921585      -22.365135       5.5971971    
  -67.302429      -22.272123       2.7318528    
  -67.206970      -22.263144       3.5536599    
  -66.840820      -22.402359      -1.9372869    
  -66.887466      -22.465189       9.1952715    
  -67.705261      -22.157158       39.219204    
  -66.862961      -22.417032      8.77925158E-02
  -67.228271      -22.278301       4.4029002    
  -67.132843      -22.272118       5.4202795    
  -67.070847      -22.668114       4.5468402    
  -66.947906      -22.710150       12.632316    
  -66.937531      -22.699146       6.8626137    
  -67.231873      -22.341070       4.2479019    
  -67.614319      -22.493008       5.6016779    
  -67.483704      -21.710648       37.358727    
  -67.001175      -22.489809       3.7819300    
  -66.900879      -22.295002     -0.92192817    
  -67.163208      -22.344475       3.8891141    
  -67.159180      -22.338264       4.1667624    
  -66.732452      -22.441330       7.1870594    
  -66.812485      -22.508348       17.146519    
  -67.165588      -22.305956       3.8584838    
  -67.636230      -22.262289      -2.7563992    
  -66.605743      -22.621716       12.468337    
  -67.193634      -22.248924       1.5802248    
  -66.684250      -22.506243       25.470449    
  -67.499939      -21.877573       46.093700    
  -67.239380      -21.922306       101.95056    
  -66.828461      -22.473097       7.2550454    
  -67.542419      -22.643780       9.5602999    
  -67.242737      -22.169657       11.708949    
  -66.739227      -21.969055       6.3266001    
  -67.330444      -21.902216       10.135034    
  -67.537842      -22.925533       19.329739    
  -67.029877      -22.467350       7.8610668    
  -67.642761      -22.194439       4.9096999    
  -67.184937      -22.318695       4.5771766    
  -67.172058      -22.235800       14.339200    
  -67.181549      -22.240629       6.0486870    
  -67.178833      -22.242521       6.1326280    
  -67.174561      -22.237705       6.2716999    
  -67.208130      -22.289906       4.5256405    
  -67.206177      -22.290218       4.4534893    
  -67.348206      -21.982336       5.1430254    
  -67.081207      -22.586456       6.0195227    
  -67.243958      -22.128109       5.2190824    
  -67.198547      -22.347475     -0.44131470    
  -66.648895      -22.549904       17.860279    
  -67.184692      -22.367109       2.2265892    
  -67.169800      -22.311697       4.2191000    
  -67.167694      -22.311895       4.0883999    
  -67.162964      -22.314941       4.0461760    
  -67.160431      -22.320290       3.1756001    
  -67.164337      -22.308699       4.0292001    
  -67.162140      -22.313097       3.3817000    
  -67.233215      -22.385853     -0.56886244    
  -67.201721      -22.276726       5.3741937    
  -67.196777      -22.273823       5.5200071    
  -67.209106      -22.271570       4.2216558    
  -67.144302      -22.314596       4.0493255    
  -67.603210      -22.183311       4.1651144    
  -67.144714      -22.325405       4.2760177    
  -67.131958      -22.277071       4.6427569    
  -67.161926      -22.264814       4.4972601    
  -67.136246      -22.276087       4.7412348    
  -67.120178      -22.438288       3.3543060    
  -67.262695      -22.272800       4.8960252    
  -67.556946      -21.994198       6.5369992    
  -67.153656      -22.350000       2.5133233    
  -66.785995      -22.473843       2.7978001    
  -66.884583      -22.298084       1.0502465    
  -66.604660      -22.585608       11.546600    
  -67.138184      -22.282906       5.3507781    
  -66.575302      -22.598827       8.4412947    
  -66.826416      -22.555231       4.8285999    
  -66.605484      -22.654585       10.609878    
  -67.224854      -22.289227       5.5674639    
  -66.870010      -22.413818       1.5877336    
  -67.142548      -22.283110       4.9633460    
  -67.204773      -22.295101       4.7396736    
  -67.207458      -22.273716       9.2656918    
  -67.165817      -22.300850       8.5448942    
  -67.242615      -22.198259       3.9086547    
  -67.207153      -22.029703       5.7275000    
  -67.244263      -22.200483       4.1415677    
  -67.615356      -22.176865       5.9983034    
  -67.213440      -22.286596       4.8218999    
  -67.144684      -22.313591       3.1775131    
  -67.536987      -22.020094       3.8998823    
  -66.788910      -22.343975      -4.1070108    
  -66.867813      -22.341166       4.9351339    
  -67.167358      -22.282011       5.3108597    
  -66.831665      -22.362148     -0.34755883    
  -66.787231      -22.345394      -3.7817202    
  -66.744202      -22.338404       11.905600    
  -66.736115      -22.644266       33.656197    
  -67.091003      -22.122253       15.690614    
  -67.164612      -22.339714      -1.4962282    
  -67.349792      -22.308552       3.5460346    
  -67.239868      -22.257231       3.5090642    
  -67.238892      -22.255234       4.4235506    
  -67.236877      -22.296127       3.7111378    
  -67.068359      -22.385799       2.4365709    
  -67.069077      -22.382086       1.4518483    
  -67.179108      -22.269363       11.000093    
  -67.129669      -22.286486       7.4892797    
  -67.120728      -22.291475       4.6889124    
  -67.130920      -22.292862       5.0754685    
  -67.123367      -22.264582       5.4433899    
  -67.067841      -21.964214       3.4473319    
  -67.155396      -22.302704       3.6644230    
  -67.154816      -22.306557       4.0914941    
  -67.160400      -22.301785       3.4841409    
  -66.720825      -22.083094       5.9123306    
  -66.895660      -21.905666       6.6009216    
  -67.124481      -22.503277       4.7675729    
  -67.123123      -22.507572       4.6563702    
  -67.163162      -22.297342       1.3036678    
  -67.188568      -22.278751       4.9867258    
  -67.248962      -22.519392       3.4934044    
  -67.180176      -22.244337       4.6319366    
  -67.714417      -22.764479       5.6695023    
  -67.561401      -22.626392       5.6870670    
  -67.211060      -22.277124       9.5843315    
  -67.162262      -22.292368       3.9969151    
  -67.203735      -22.272375       1.5532246    
  -67.279175      -22.249292       3.8621292    
  -67.287048      -22.245432       3.7147272    
  -67.280640      -22.247976       3.5613248    
  -67.289368      -22.242943     -0.66031075    
  -67.134277      -22.257465       4.1081781    
  -67.128265      -22.253017       5.2918701    
  -67.189331      -22.277039       3.5672836    
  -67.133362      -22.270357       12.324095    
  -67.201355      -22.268799      0.50513768    
  -67.162521      -22.299360       3.6778021    
  -66.672424      -22.578686       14.056101    
  -66.885773      -22.137554       3.7240584    
  -67.181686      -22.237822       4.7249413    
  -66.682114      -21.850607       14.643900    
  -66.734253      -21.930788       13.330000    
  -67.781860      -22.681868       5.0957999    
  -66.679840      -22.564741       16.760395    
  -67.213196      -22.267630       2.6900544    
  -67.179504      -22.239607       8.6557589    
  -66.882813      -22.074419       4.5512314    
  -67.174942      -22.302858       4.2861934    
  -67.179550      -22.297783       4.3633628    
  -67.247437      -22.382250       5.4609227    
  -67.245178      -22.379982       5.8656826    
  -67.245850      -22.381538       6.3350878    
  -67.184143      -22.240898       4.6552000    
  -67.177368      -22.239902       4.7564001    
  -67.188232      -22.236002       4.9380026    
  -67.177490      -22.234800       4.8887386    
  -67.186111      -22.238804       6.6605000    
  -67.186493      -22.235184       5.6259456    
  -67.177765      -22.235996       6.3301563    
  -67.179596      -22.231544       5.4997368    
  -67.175522      -22.246317      0.81808078    
  -67.151398      -22.310196       4.4966002    
  -66.895981      -22.137884       5.9052134    
  -67.222534      -22.005650       9.3387537    
  -66.807526      -22.454601       5.3629737    
  -67.439575      -22.397024      -2.2189207    
  -67.278137      -22.372438     -0.25445533    
  -67.200989      -22.273180       25.776443    
  -66.879669      -22.390379       4.0648985    
  -67.272522      -22.243021       13.398726    
  -66.880646      -22.428930       3.9360385    
  -67.621399      -22.507267       6.3579102    
  -67.227783      -22.275023       4.3255196    
  -66.884308      -22.372969       4.4316468    
  -67.220886      -22.265295       28.064400    
  -67.218140      -22.254944       3.2518625    
  -66.819839      -22.414291       7.5387998    
  -66.799225      -22.476803       5.1233048    
  -66.910522      -22.423094       9.3692970    
  -67.102936      -22.316896       5.9173999    
  -67.160202      -22.303595       4.4524999    
  -66.795624      -22.468311       6.5328546    
  -67.153549      -22.303730       3.7455945    
  -67.158966      -22.303085       4.2878661    
  -67.031036      -21.933943       10.965506    
  -67.229675      -22.190292       12.266000    
  -67.247986      -22.254622       18.903370    
  -66.607483      -22.599775       11.260510    
  -66.869995      -22.501873       6.1197648    
  -66.820038      -22.344671       4.6452389    
  -66.912384      -22.386080       10.864604    
  -66.831970      -22.350599      -3.8234937    
  -66.893768      -22.469198       13.483878    
  -66.813782      -22.399729       7.1624169    
  -66.839325      -22.387892       6.4855394    
  -66.736969      -22.400845      -3.0668504    
  -66.778076      -22.457279       6.2366362    
  -66.853821      -22.325171       5.4831586    
  -67.076370      -22.399908       4.6063576    
  -67.215210      -22.279673       3.7682207    
  -66.856766      -21.530764      -3.0000000    
  -66.788223      -22.447414       8.7692890    
  -66.846893      -22.385674       6.3915820    
  -66.819672      -22.360533       4.4635100    
  -67.107635      -22.005342       7.9980187    
  -67.027664      -22.384108       7.9691000    
  -67.076813      -22.370312       25.573494    
  -67.031967      -22.400331       18.384382    
  -66.710480      -22.429293       9.9813213    
  -67.012451      -22.425039       23.354532    
  -66.830582      -22.353998       4.7693224    
  -67.080902      -22.399900       12.478500    
  -67.086121      -22.405113       41.244484    
  -67.069855      -22.403408       9.7683268    
  -66.927216      -22.424534      -2.1153064    
  -66.792969      -22.507191       11.411800    
  -66.949188      -22.441940       7.7801785    
  -66.881500      -22.366968       6.9557147    
  -66.905472      -22.295963      -2.7324147    
  -66.798615      -22.537766       5.6190362    
  -66.684692      -22.545898       3.5990000    
  -67.530212      -22.640491       9.8290997    
  -67.244812      -22.324322       1.4432933    
  -67.087921      -22.643106       26.169901    
  -67.101685      -22.606895       24.074867    
  -67.166229      -22.312593       4.5615001    
  -66.845901      -22.387218       8.1523838    
  -67.260986      -22.209604       19.956507    
  -66.836624      -22.448294       8.3422947    
  -67.215027      -22.277699       4.6294999    
  -67.171051      -22.276190       14.831362    
  -67.282959      -22.253971       5.6963520    
  -66.627380      -22.637066       8.1334896    
  -67.176483      -22.289328       3.9969215    
  -67.157837      -22.307497       4.3332825    
  -67.160034      -22.297100       2.8723357    
  -66.644470      -22.616230       20.988358    
  -66.728455      -22.563522       5.6533365    
  -66.884155      -21.854691       4.4866824    
  -66.749329      -22.540266       13.776677    
  -67.244385      -22.313118       8.3079376    
  -66.850830      -22.436991       5.5035000    
  -67.263733      -22.129288       3.4372642    
  -66.616821      -22.622265       12.825087    
  -66.149902      -21.978640       217.15346    
  -67.652771      -21.090431       130.17931    
  -66.609955      -22.629017       192.30159    
  -66.879837      -21.168118       191.54428    
  -68.434631      -22.129597       96.229965    
  -68.254028      -21.846603       113.94826    
  -67.402954      -22.068937       146.50000    
  -66.881317      -21.499924       209.50000    
  -66.619370      -22.615187       216.16151    
  -66.886353      -23.149734       185.48370    
  -68.246155      -22.078144       112.99113    
  -67.582703      -21.206610       143.94962    
  -68.583130      -22.418766       19.658014    
  -67.106949      -21.775402       173.22160    
  -66.308411      -22.523584       187.34702    
  -65.983994      -22.156677       227.20308    
  -66.772064      -22.808979       192.23657    
  -66.608215      -22.585915       187.87717    
  -67.152740      -21.470757       169.80617    
  -66.857483      -21.437151       207.71471    
  -68.243225      -22.268270       119.57423    
  -66.721802      -23.022125       214.33350    
  -65.879578      -21.944510       257.58087    
  -68.300415      -21.651112       119.44660    
  -67.601868      -21.111965       157.66261    
  -67.665955      -21.856600       48.647129    
  -68.193909      -21.833183       117.94270    
  -66.870026      -21.890400       205.25960    
  -66.628052      -21.509439       231.73170    
  -68.520752      -21.997963       4.3324223    
  -67.937744      -22.476871       164.00000    
  -67.575195      -22.411547       146.00000    
  -67.514282      -22.179016       150.69559    
  -67.197571      -22.012573       156.09000    
  -67.349792      -21.325130       153.99982    
  -67.204712      -21.201157       196.73669    
  -66.929901      -21.217388       210.36995    
  -66.939362      -21.204931       203.71089    
  -67.751953      -21.630882       144.41118    
  -67.932373      -21.670422       119.37309    
  -67.891235      -21.719999       123.95576    
  -66.479950      -22.277065       244.40494    
  -65.926620      -22.263809       226.04114    
  -66.126373      -22.075130       227.35291    
  -66.671265      -22.275986       169.00000    
  -66.516129      -22.410561       211.83482    
  -66.328796      -22.624838       201.88077    
  -65.879761      -22.465044       255.58205    
  -68.067566      -21.579884       123.25976    
