  2.02059923E-07
 -2.44855755E-07
 -5.25925088E-07
 -2.39490163E-07
  1.47049960E-07
  3.96636928E-08
 -3.29837093E-07
 -3.82249908E-07
 -1.24225025E-07
  3.75162550E-08
  2.48911249E-07
  2.34769182E-09
  8.37837320E-08
 -1.53301336E-08
  4.72502961E-08
 -1.47593610E-07
  2.06655557E-07
  1.16549444E-07
  6.97993073E-07
  3.63079408E-07
 -3.97464191E-07
 -5.89014462E-07
  7.40881561E-08
  8.20174023E-07
 -3.72931595E-07
  1.63585057E-07
  6.14502937E-08
 -5.67883376E-07
 -2.17815597E-07
 -1.57165204E-07
  4.31730349E-08
 -2.62895163E-08
  7.66602227E-07
