  2.96136676E-07
 -2.72728158E-07
 -1.18116802E-07
 -9.78450529E-08
  3.35033263E-07
  6.07390191E-08
 -2.18823502E-07
 -4.04381126E-07
 -2.27093693E-07
 -1.15016995E-07
  2.24816262E-07
  6.61145663E-08
  5.04986488E-08
 -7.09869212E-08
  5.54344730E-08
 -4.52481004E-07
  9.27868271E-08
  1.00742106E-07
  6.71399675E-07
  5.64373522E-07
 -2.81514843E-07
 -5.63190724E-07
  2.27127241E-08
  9.13416386E-07
  2.22078533E-09
  1.70743505E-07
  5.06393931E-08
 -4.91854621E-07
 -3.74845456E-07
 -1.26672333E-07
 -2.63615156E-08
 -2.79367711E-08
  6.72384886E-07
