  1.92709663E-07
 -1.40507353E-07
 -2.33897111E-07
  4.32184599E-08
  2.50153050E-07
  8.49735002E-08
 -1.84283238E-07
 -3.08427985E-07
 -1.60966621E-07
  5.25876942E-08
  1.50579822E-07
 -8.20164825E-09
  4.80783662E-08
 -2.21642154E-07
  1.98175897E-07
 -2.28880779E-07
  1.14945578E-07
  6.32275743E-08
  5.33707350E-07
  2.30838566E-07
 -2.61373998E-07
 -3.41048548E-07
  1.75530399E-08
  3.60092884E-07
 -1.20467661E-07
  1.03492127E-07
  1.11260846E-07
 -2.46836322E-07
 -3.33463305E-07
 -1.32500119E-07
  3.63733648E-08
 -1.16621326E-08
  3.75340136E-07
