  4.02205188E-07
 -1.86453661E-07
 -2.27012265E-07
  1.32909392E-07
  4.48031102E-07
  5.47082379E-08
 -4.58255265E-08
 -2.31058024E-07
 -2.33591038E-07
 -1.16354954E-07
  3.22867606E-07
  7.07218319E-08
 -1.38730272E-07
 -1.15262310E-07
  2.20920562E-08
 -4.72838423E-07
  1.35070295E-07
  1.19598653E-07
  6.60971295E-07
  5.68965504E-07
 -2.12826151E-07
 -6.56836050E-07
  1.71444210E-08
  6.21040272E-07
  6.42398774E-08
  1.48710043E-07
 -4.91644236E-08
 -4.91169772E-07
 -5.65655114E-07
 -2.32535811E-07
 -2.06957140E-09
 -3.01855074E-08
  6.01909846E-07
