  2.15358938E-07
 -1.62222307E-07
 -1.93546683E-07
  1.33813094E-08
  2.33042257E-07
  5.07703959E-08
 -2.90644891E-07
 -3.25714751E-07
 -1.51970497E-07
  9.21894667E-08
  1.05139293E-07
 -5.67065728E-09
  3.46412250E-08
 -1.55429987E-07
  1.66612679E-07
 -2.29166261E-07
  1.42494017E-07
  4.38128467E-08
  5.03916510E-07
  2.93468730E-07
 -2.74298088E-07
 -3.40408434E-07
  2.53342165E-08
  4.80229403E-07
 -7.74926079E-08
  5.69751712E-08
  1.46880723E-07
 -2.10814704E-07
 -2.73056685E-07
 -1.53672985E-07
  2.15700524E-08
 -1.16030394E-08
  4.27574605E-07
