  2.21027378E-07
 -1.55958290E-07
 -1.64075743E-07
  3.37330306E-08
  2.40719061E-07
  5.14939593E-08
 -2.09377845E-07
 -3.21448368E-07
 -1.44123021E-07
  5.82577080E-08
  1.32366765E-07
 -9.60438573E-09
  1.62408007E-08
 -1.81128527E-07
  1.45060923E-07
 -2.49574356E-07
  1.24423849E-07
  4.50562467E-08
  4.19120653E-07
  3.01343761E-07
 -2.69588895E-07
 -3.30052529E-07
  2.69736127E-08
  4.22745899E-07
 -5.02254700E-08
  1.00483859E-07
  1.43686947E-07
 -2.15043329E-07
 -2.90221237E-07
 -8.82141720E-08
  4.15005275E-08
 -1.12146763E-08
  4.09872086E-07
