  3.42971617E-07
 -2.22978088E-07
 -1.17761779E-07
  4.61318912E-08
  4.29590699E-07
  6.89115325E-08
 -1.30529571E-07
 -3.72351593E-07
 -1.55316329E-07
 -1.09256057E-07
  2.15206100E-07
  7.27871168E-08
 -8.63229133E-08
 -7.45293391E-08
  8.85724605E-10
 -5.00218277E-07
  1.07293296E-07
  1.00903222E-07
  5.89827891E-07
  5.93215816E-07
 -2.04693151E-07
 -6.23034396E-07
  1.96188790E-08
  7.96093673E-07
  7.06703460E-08
  1.77555606E-07
 -9.03014996E-09
 -4.90678019E-07
 -4.76433058E-07
 -2.03329918E-07
 -6.12875084E-09
 -2.85278272E-08
  6.09447511E-07
