  1.89721945E-07
 -1.32433627E-07
 -1.41556939E-07
 -5.05670030E-08
  1.87228807E-07
  5.30130215E-08
 -2.47953665E-07
 -3.03986667E-07
 -1.73244430E-07
  9.07560462E-08
  1.14058736E-07
 -3.26991234E-09
  6.42524682E-08
 -1.61806881E-07
  1.61163300E-07
 -1.72175717E-07
  9.56690229E-08
  2.68462781E-08
  4.74707178E-07
  3.11930677E-07
 -2.60669566E-07
 -3.07957919E-07
  1.83057391E-08
  4.73161947E-07
 -1.37519081E-07
  4.75754938E-08
  1.63947149E-07
 -2.59556629E-07
 -2.35399369E-07
 -1.21433899E-07
  3.67432875E-08
 -9.56022461E-09
  5.03893602E-07
