 -0.36693439      0.49283370     -0.23377687      9.11589637E-02
 -0.44507849      0.83691329      0.16398096      7.10606575E-02
 -0.19123016      6.87973127E-02  0.25726041      2.85368529E-04
  0.74342686     -0.58829045     -0.62888277     -6.64922521E-02
 -0.14589952      0.54573447     -0.31472179      6.12428486E-02
 -0.10125899      3.46747190E-02  0.50673378      2.85160877E-02
  0.49002060      0.27256659      9.23378095E-02  4.65131328E-02
 -0.48330277     -5.74516691E-03  0.50649965      3.07557471E-02
 -0.23792455      0.43595666      0.17543873      9.66830179E-03
 -0.54205412     -0.24818605     -0.63051802      2.24079173E-02
  0.29557344      0.49041256      0.67777354      9.79192927E-02
  0.23892164      0.27067167      0.11237718     -1.99023560E-02
  1.74614266E-04  0.10301891      0.14372343      1.69492625E-02
   1.4331276      6.17043711E-02   1.0619148      0.16946301    
 -0.18012124      0.33068630     -0.56255281     -1.39094074E-03
 -0.65027368     -0.43022329      -1.9149413     -0.10998569    
  0.17729208     -0.16870722     -0.39789987     -2.54312810E-02
 -5.21411840E-03  0.62427860      4.29484947E-03 -2.14965455E-02
  0.73568535     -0.57231498      -1.4394789     -5.47373444E-02
 -0.45169124      0.12000583      9.07621831E-02  1.09564494E-02
 -0.30948251      0.76366407      0.88693172      0.13145021    
 -0.17170592      0.10353389      0.20164613     -6.88054785E-02
  0.66715813      0.31941283     -8.08831230E-02  7.62613211E-03
  0.61312205     -0.40669924     -3.78285870E-02  2.37767715E-02
 -0.55217522     -0.10132746      0.41828907      7.70639107E-02
 -0.27825561     -0.21241920      0.21287358     -0.12521310    
 -0.12053674      0.23383839     -0.28970990      9.31996573E-03
  0.32672137      0.21313117      0.22636950     -3.71050462E-02
 -0.28948355     -1.83250699E-02 -4.48468998E-02  1.58964284E-02
  0.31750599     -0.69134343      0.47956344      1.91355427E-03
 -0.51687282     -0.46557781      0.26607877      4.31563966E-02
  -1.0841402       2.6288590     -0.18093817      0.11234865    
  0.82390046      5.45794927E-02  0.68647945     -8.97870585E-03
  0.44432038      0.83290184      0.37412643     -1.15421843E-02
 -0.38483414     -4.26787101E-02 -0.13299398      4.25934494E-02
 -0.54454488     -0.14913101      0.62533599      6.26319721E-02
  0.28637454     -0.72536492      9.88477692E-02 -1.49685387E-02
  0.10853724      0.71932679     -9.01166946E-02 -2.67697889E-02
 -0.26823512      0.66063195     -0.20797572      3.45894694E-02
 -0.93656147       1.1249244      0.38911992     -3.16843353E-02
 -0.24194916     -0.25614372     -0.11614510      5.36060855E-02
   1.2502515     -0.98219877     -0.48076361     -0.10576043    
  -1.5607171      3.98018248E-02  3.51850805E-03  4.25330549E-02
 -0.86045146     -0.45010540     -0.69201475      0.11438662    
 -0.15063037       1.4667566       1.0035430      4.59433272E-02
 -0.53443235      3.87047678E-02 -3.02506108E-02  4.72608358E-02
  0.47786561     -0.47063497      0.39764822     -6.21180423E-02
 -0.78827929       1.3864217      9.31947008E-02  0.10529077    
 -0.68092567      0.82904369     -0.80941039     -5.39819263E-02
  0.19985524      0.29860988      0.12313164     -1.96738075E-02
 -9.67872217E-02 -0.80124587      0.11379284     -5.44529175E-05
  0.39269647      0.46267432      4.02817279E-02  3.80135179E-02
  0.25934559       1.1090274      0.90864635      5.15582971E-02
 -0.71131414     -1.07117388E-02  0.16861558      6.20028824E-02
  4.62123677E-02  0.55417073     -0.33510339      5.41946031E-02
  0.24423908     -1.55790150E-02  0.49219817      4.74157371E-03
 -0.17596647     -7.67163783E-02  0.60478699      3.26247029E-02
  0.18971640      0.15297706      0.15070438     -1.67168006E-02
 -3.45402360E-02  0.77523869     -2.35071615E-03  3.23316306E-02
  5.08565605E-02  0.58467877      0.26635987      1.08299908E-04
 -6.67125285E-02  4.61550243E-02 -1.57441813E-02  3.31007466E-02
  0.72776145     -0.92361784      0.64371794      1.17701525E-02
  0.28488803      0.30675599      0.11141098     -2.94991955E-02
  0.66719931      0.38058111       1.2225209      1.25851352E-02
  0.67308098      0.47490236      0.37534800      1.32015627E-02
  0.12586576      -1.0948131     -0.56348562      5.20700812E-02
  0.11289407     -0.52081609     -0.18388505      6.27189800E-02
 -0.27828828     -0.49583063      0.70233130      3.00714709E-02
 -0.77140349      -2.0873549      0.14434201      0.11547865    
 -0.28526926     -0.60955459      0.27854082     -2.97536086E-02
  5.52134551E-02  0.41368380      0.10552842     -1.43877110E-02
  0.21694800     -0.41640297      0.25846869      2.95376629E-02
  0.37647733      0.13136941      0.62730187      1.16100917E-02
 -0.24568075      9.25643444E-02 -5.51059991E-02  4.79416959E-02
 -0.59478712     -0.46343616      0.17039117      5.69676757E-02
 -0.42985278     -0.16252393     -0.21345888      5.73482960E-02
 -0.43501753     -0.40168628      0.39534429      7.11714029E-02
 -0.15453386     -0.61498940      9.16354656E-02  6.60458133E-02
 -0.29130796     -0.79184592     -0.34970742      3.56919095E-02
 -0.15812629     -0.33676893     -0.27503586     -4.69298102E-02
 -0.88863176     -5.06516397E-02  0.98479408      7.07484558E-02
 -0.24214448     -0.84353894      0.14055891      6.77406341E-02
 -0.51454026      0.17708743      0.70381510      4.57757935E-02
 -2.27833167E-02 -9.19370502E-02 -0.37848872     -6.99864421E-03
 -0.21595465     -0.17417319     -0.24285842      4.27230932E-02
  0.88414752      0.36112323     -0.10783003      1.37687596E-02
 -0.81108856     -0.79857278      0.80856085      0.12531878    
   1.3991073      0.81940562     -0.57264102      1.14215091E-02
  -1.2857387      0.94566143      0.34794348      4.57702577E-02
 -0.54473394     -0.61432248      0.38278446      1.46064702E-02
  0.26794901     -0.70484769     -0.25364748     -9.65410471E-02
  9.02241468E-02  0.24815716     -5.84949600E-03 -5.49305007E-02
  0.18649571      0.34176272      5.79292029E-02 -4.47896905E-02
  0.99915475     -0.32365203      0.87240952     -1.93116404E-02
  0.14920963      0.15559950      0.15309301     -5.97789288E-02
 -0.11007139     -0.27854085     -0.17668003     -4.61584749E-03
  0.15357745       1.3115979     -0.77945828      2.49652788E-02
  0.29561412      0.43858060     -6.30818382E-02  3.62117067E-02
 -0.40983623      0.53715491      0.39569095     -1.97945312E-02
  0.88492525      0.59470570      0.73573339      4.53851521E-02
 -0.23445544      0.79670465     -0.27585831      3.45992297E-02
  0.22745284     -0.21895447      0.19132736     -3.32544893E-02
  0.38353056     -7.29055479E-02 -0.33838224      6.26804456E-02
  0.32789260      1.81505680E-02 -0.40792471      7.13672340E-02
  0.48911515      2.75792088E-02 -0.25093973      8.33448619E-02
  0.33393633      4.42345999E-02 -0.34150425      5.83937466E-02
  0.33658135      1.29816001E-02 -0.39355263      7.09172860E-02
  0.32868907      7.88250938E-04 -0.35246080      7.47929737E-02
  0.33136579     -2.47169584E-02 -0.36159787      7.37306401E-02
  0.21504351      0.33579886     -0.33827433      6.39878064E-02
  0.56121880     -0.25670916     -0.34586892      5.02507985E-02
  0.32292926      1.87655203E-02 -0.41290230      7.15867132E-02
  0.59514892      0.57390010     -6.75102770E-02  4.58425842E-04
  0.95068777      0.28052437     -0.80040914     -6.12024367E-02
  0.37437543      0.31239194     -0.34038001      1.36979539E-02
  0.68682927      0.11138931      4.95927706E-02  5.30692898E-02
  0.32582965      0.10665038     -0.46101487      5.32056019E-02
  0.52556062     -0.57925487     -0.88901466      1.24729211E-02
  0.41844639      0.16099817     -0.35549656      1.35778775E-02
  0.62683439      1.95039269E-02 -0.30504906      4.47843447E-02
  0.93919057     -4.46096882E-02 -0.33613032      9.27823782E-03
  0.55173630     -9.72581282E-02 -0.52151716      3.46460752E-02
  0.54374999      0.10219245      0.65874320     -2.96326121E-03
 -0.12166815      0.57329100     -0.34565383      2.35363357E-02
  0.30344626      4.55198288E-02 -0.55978101      4.81767431E-02
  0.45697308      0.17278114      0.15208559      8.40737149E-02
  0.52600813      0.32957104      0.52524924     -1.29254942E-03
  0.44210282     -0.32167950      0.16197440      3.83494049E-02
 -7.44660795E-02  7.20586926E-02 -0.14082082      4.71264496E-02
 -0.85798997      0.52340937      0.19540186     -4.06701565E-02
 -0.97452337      0.42390341      0.39403710      9.80726033E-02
 -0.29935810      3.50205079E-02 -4.33540381E-02 -1.66178942E-02
  0.28776574      0.87401342      0.15022753     -3.79210524E-02
  0.20262937      8.54926407E-02  0.27113831     -4.58125817E-03
 -0.58265841      0.19484000     -0.16018407      8.48197043E-02
  0.12002943      9.95576009E-03 -3.63163799E-02 -1.17360400E-02
  0.15954792     -0.33458233     -0.76586235     -3.43687907E-02
  0.17730287      0.26371104      0.16521831      4.94594462E-02
  0.29987904     -0.15783279      0.25279945     -1.05597563E-02
 -0.21411622     -0.27905402     -0.45863914      9.15182456E-02
  0.81142354      0.35393167      0.50486004     -3.89379151E-02
 -0.27729338      0.55731571     -0.40638754      2.53744368E-02
 -0.34261152     -0.29553092      0.13956857      2.81992219E-02
  0.37985212      2.19282471E-02  0.14935067      1.08788740E-02
  0.60432279     -0.42638871      0.50949901      4.96421270E-02
  0.12950702     -0.41875517      0.10578470      4.40961532E-02
  0.84706682      0.14552036      0.15437397     -7.36242831E-02
 -5.70385270E-02 -6.18595481E-02 -7.23335147E-02  2.56282203E-02
  0.52823913     -0.60924542     -0.38986298      1.63585376E-02
  0.22196417      4.17582504E-02  8.63656998E-02 -1.08634662E-02
 -0.73966265     -4.33197021E-02 -0.12028546      5.23350649E-02
  7.83213079E-02  0.58726621      0.69079441      2.40906179E-02
  1.36222905E-02  0.12844631      0.13617890     -8.14263225E-02
 -0.54786891     -0.42201126     -0.50745118      4.36780043E-02
 -0.40773967      0.54182804     -0.27628246      1.22933667E-02
 -0.90131438      0.18809865      0.36539519      2.42073648E-03
 -0.57881021     -0.11372637     -0.29309770      0.10405535    
 -8.13060254E-02 -3.27450968E-03   1.2599237     -7.07506808E-03
  0.35273060      0.11644517      0.41448793      1.18677588E-02
  0.75315762      -1.2686859     -0.91027057      7.40392059E-02
  2.52912622E-02 -4.34002839E-03 -0.16267191     -4.78673819E-03
 -0.56404907      -1.3989069      0.28945667      5.80065846E-02
 -0.32026911      0.16070342     -0.22191076      6.98590353E-02
  0.50031000      0.32903025      0.34400120     -1.45964986E-02
 -0.22912596     -0.15188146     -0.16863844      0.12241564    
 -6.04187325E-02 -0.22871365      0.12205283      7.22474009E-02
  0.20482033     -0.27026662     -0.56681001      6.62229434E-02
  3.31154242E-02  7.92378113E-02 -0.17730208      3.59009393E-02
  0.17912053      0.90901256      0.11504274     -4.42817025E-02
 -0.36381495      -1.2026026     -6.31455053E-03  6.27598986E-02
  2.13047713E-02 -0.13249087      0.12800747      8.60113371E-03
  0.56576538      1.59057453E-02 -0.52686608      2.08196770E-02
  0.21307769      0.34922865      0.39807513     -1.16230063E-02
  0.47130564     -0.16287306      0.44429359      9.48964735E-04
  0.19691865      0.38668624      4.08272743E-02 -1.54583100E-02
  0.22903733     -0.54085886     -0.79244477     -4.70491871E-02
  0.21099944      0.19527987      0.11306664     -2.05953196E-02
  0.22486615     -0.67384839      0.26886255      8.31688121E-02
  0.27558243      0.75074166      0.51063985      7.77120702E-03
  0.47422594     -6.15824796E-02 -0.21836925      1.37148118E-02
 -0.69543278      0.21489955     -0.54069757      2.31007058E-02
  -1.7157686      0.62888938     -3.92132960E-02  4.85248454E-02
  0.29584977      0.12232278      0.18286216     -6.17269240E-02
  8.53067115E-02  0.37699538      0.30628341      2.86994856E-02
  0.19807880      0.87586153     -0.51024735     -7.39647523E-02
  0.31118962     -0.73911983      0.40777588      2.44188849E-02
 -0.18053541     -0.25408465     -0.58635896      7.01419786E-02
  4.39450145E-02 -0.37101364     -0.58657986      6.33837730E-02
 -0.23388177     -0.63122720     -0.95265335      5.91530874E-02
  0.26445857     -0.41590229      9.83910263E-02  1.17646456E-02
  -1.3323163     -0.88729721      0.37837017      2.74173822E-02
  0.12439860      0.12457247      0.23875561     -6.17636926E-02
 -0.45371598     -0.82182670     -0.85670441      6.30377680E-02
 -0.60659736      0.39592460      0.14159219     -2.55023837E-02
 -0.38860637     -0.16215819     -0.54127306      2.75405571E-02
 -0.53043145     -0.24083099     -0.50727886      1.76924169E-02
 -0.35961193     -3.60602662E-02 -0.47707412      5.04297167E-02
 -0.37475014     -0.29387558     -0.74972469      8.15729331E-03
 -0.35689607     -0.21243872     -0.56353009      2.32734531E-02
 -0.47991675     -0.18905514     -0.75419283      1.36181014E-02
  0.34947038      0.53507370     -0.28152806      6.34109229E-02
  3.45572866E-02 -7.69170374E-02 -3.28090452E-02  7.33921155E-02
  0.24074277     -0.69217104      0.26102328     -4.04081233E-02
 -0.20366260       1.0372578      0.34913224      2.60586534E-02
  0.43425137      0.55928689      0.19854438      4.79702912E-02
 -0.97524178     -0.86297500     -0.87966079      8.86193961E-02
 -7.28626549E-02  0.16437776      0.27534276      4.16829214E-02
  0.25405353      0.33053252      0.11986034     -2.05058325E-02
  9.66885835E-02 -0.20100662      2.49837413E-02  6.16585277E-02
 -6.33506179E-02  5.59484921E-02 -9.84318554E-02 -2.35065725E-02
  9.28014070E-02 -0.39194384     -0.49204263     -2.48932913E-02
 -0.42322916      -1.1740398     -0.10606846      3.22142690E-02
 -0.32528052      0.65643394      0.19339070     -2.52372921E-02
 -0.53696352     -3.56077217E-03 -0.39499933      0.11783344    
  0.85180032      0.82552767     -0.29449674     -0.11074683    
 -0.76942873      4.38521206E-02   1.2611898      0.13390353    
 -0.13399152     -0.41478798      0.17038287      0.12157533    
 -0.20575160     -2.01072078E-02  0.22802348      4.41628546E-02
 -0.91767168      0.11079907     -0.54601657     -2.80901622E-02
  1.91194005E-02 -2.34849602E-02  2.46519782E-02 -3.70034352E-02
   1.9819582     -0.65449727     -0.69946414     -3.25560980E-02
  0.77400059      7.14956671E-02  0.11865596     -7.95126632E-02
 -0.94790065     -0.18967593     -0.24704373     -5.70681086E-03
  4.71336171E-02 -0.77231646      0.43079990     -5.25262430E-02
  0.23401946      4.78565991E-02 -0.26579976     -2.07525399E-03
 -0.14665882      0.16988306      3.39494161E-02  3.46358158E-02
  0.51523983       1.0225215       1.2452738      6.10130541E-02
 -0.28482372     -0.16503263     -0.58286577      2.16614641E-02
  0.58820915     -0.29250824     -0.59872836     -2.75089219E-02
  0.11900590     -0.52438456     -0.26146954      3.16495672E-02
 -0.56091964     -0.48417979      0.19861291      3.33713293E-02
  3.98559906E-02  0.23939291     -0.50164711      3.03777307E-02
  1.67509895E-02  0.34198231     -0.58906078      2.17064060E-02
  2.77612749E-02  0.34610829     -0.54534292      2.09257156E-02
  4.04142514E-02  0.37900826     -0.58618718      1.61766671E-02
  2.35561654E-02  0.10706926     -0.42335725      4.91480380E-02
  0.18547833     -0.32347706     -0.55294251      9.04444009E-02
 -2.94371825E-02  0.37637261     -0.51229733      1.91997290E-02
 -2.32895836E-02  0.34449452     -0.59474766      1.95175502E-02
 -4.65981998E-02  0.20052211     -0.19791304      5.67416400E-02
 -4.85990271E-02  0.45115298     -0.50062382      1.64485648E-02
 -4.45475653E-02  0.44957331     -0.47349364      1.50787104E-02
 -5.84100895E-02  0.41855860     -0.54328197      1.40158804E-02
  6.04918338E-02  0.21423227     -0.57066566      3.61528508E-02
  8.29425734E-03  0.17323598     -0.57165504      4.24978845E-02
 -4.61157449E-02  0.36635828     -0.59569436      3.59057151E-02
  9.75721404E-02  0.21473381     -0.59898949      3.25367562E-02
 -8.96847248E-02  0.30342627     -0.41781497      2.40352768E-02
 -0.10138861     -1.63829997E-02 -0.43814731      7.00726435E-02
 -9.64770690E-02  0.39337376     -0.54148877      1.34174228E-02
 -0.11194487      5.25715686E-02 -3.38954180E-02  6.85926527E-02
 -1.25660449E-02  0.40373299     -0.52432728      1.63707323E-02
 -5.28054386E-02  0.40280187     -0.53442425      1.31514221E-02
  7.21345246E-02  0.39850408     -0.67716169      1.33022787E-02
 -9.03760865E-02  0.28803021     -0.48928723      2.33433917E-02
  4.46115881E-02  0.28236371     -0.60055685      1.86615996E-02
  0.22395188      0.12350958      0.24293292      9.68156662E-03
 -8.16951394E-02  0.40459794     -0.51454085      4.55647036E-02
 -4.70871180E-02  0.43208823     -0.61993414      1.44308927E-02
 -8.06801952E-03  0.38294631     -0.55354965      2.27486938E-02
 -8.18429329E-03  0.38776088     -0.47979754      1.92597024E-02
 -0.11555346      0.40378034     -0.53146827      4.02953699E-02
 -6.46733344E-02  0.43366694     -0.55170423      9.58930515E-03
  2.45418362E-02  0.26012433     -0.44150567      3.19135711E-02
 -0.31199494     -0.16194840     -0.23619604      0.12750813    
 -2.17717867E-02 -5.87837845E-02 -0.37168548      7.05521256E-02
 -0.17425655      0.38831294     -0.34809673      4.14891653E-02
 -4.14490998E-02  0.43190086     -0.57278365      1.02768810E-02
 -0.58051121     -0.38796487     -0.32759729      2.30389182E-02
  0.11175053      7.05791824E-03  4.09257188E-02 -6.04849122E-02
  0.59123898      0.58593231      2.25181356E-02 -2.31806338E-02
   1.5473633     -0.46839523      0.34059292     -6.08934239E-02
 -6.87208548E-02 -0.80221474      2.06010379E-02  5.08421026E-02
 -0.51763052      -1.8506916       1.1827754      0.19736877    
 -8.70485306E-02 -0.82854837      0.18179250      5.97658008E-02
  1.48411915E-02  -1.0650030       1.6761916     -1.27962949E-02
 -0.23447213     -1.65605918E-02  -1.0217844      3.63628268E-02
  0.32975680     -0.79897195     -0.88935941     -7.02832863E-02
 -0.36955789     -0.87322193      0.39664859      9.66825895E-03
  0.30751815      5.53930737E-02  0.44733521      7.90549070E-02
 -0.47251976     -0.60873026      0.61856842      8.37906972E-02
 -0.24524932      0.29673922      9.22973678E-02 -7.22938101E-04
   1.6623447       1.1029965      0.41963321      0.17200331    
  0.33695465     -0.14336210     -9.72460434E-02  4.07085605E-02
  0.72797543      0.18648167     -0.21320696      6.89751282E-02
  0.32503742      0.22152789      1.97230205E-02  5.63028716E-02
 -0.32847893     -0.98253465     -0.36462134      9.45442589E-04
 -0.21866916     -0.11353918     -0.24041858      9.66560170E-02
  0.31711891     -0.66711527      4.16226983E-02 -3.02803963E-02
  0.48050913     -0.32582584     -2.36760601E-02  3.20221707E-02
 -0.11343058      3.67291272E-02  -1.0681083     -1.63022336E-02
 -0.28996229      0.13568163     -0.30852968      3.33083868E-02
  0.21647258     -0.23111828     -7.75755048E-02 -2.25096866E-02
 -8.44743773E-02 -0.39654046      0.28719130      3.28094512E-02
  0.25242242     -0.29215088      0.60937029      6.31927401E-02
 -0.31888673     -0.13238227      0.39407423     -7.79726133E-02
 -9.22288522E-02 -0.12677102     -0.77308124      1.22834565E-02
  0.28590783     -0.35820085     -0.63784587      5.73554933E-02
 -4.94901873E-02 -0.27146560     -0.38445917      6.44809976E-02
  0.12954578     -0.19661461     -0.24648705      4.31438871E-02
  0.10530527     -0.36609474     -0.44271797      3.37845609E-02
  0.45570731     -0.43306905     -0.79838645     -1.48338880E-02
  8.04948732E-02 -0.78364629     -0.10016166      3.87375802E-02
  0.35148665     -0.39299002     -0.74631590      4.66148020E-04
  0.13306853     -0.40761462     -0.85337412     -4.67693880E-02
  0.12012145      0.56038672     -0.61794525     -4.06543501E-02
 -0.18478167      0.45271942      0.24487320     -2.53477357E-02
 -0.76192129      3.69160920E-02  0.42004097     -9.13489014E-02
 -0.54936039     -0.25145945     -0.25855750     -6.95540309E-02
 -0.83270413     -0.28059122      0.51471829      0.12312108    
  0.93355036      0.47085807     -0.25212160      4.83065508E-02
  0.11358684      0.30620670     -0.68600446      1.41895711E-02
  -1.3087763     -0.53322560     -0.24355710     -0.11156946    
  0.75725281     -0.29721823       1.1099676     -2.76960153E-02
  0.56727391      0.74204719     -0.82563150      2.17132177E-02
   1.1620516     -2.50557065E-03  1.90372374E-02  4.86475751E-02
 -0.45481890     -0.17051327     -0.16117185     -1.99144781E-02
 -0.87899333     -0.30278093     -0.23225015     -5.70971929E-02
 -0.16216235     -0.75448334      0.44604608      9.01007801E-02
  8.79213065E-02  0.15904869     -0.25168425     -1.06733618E-02
 -0.59231007     -0.65463370      5.48173375E-02 -3.83913480E-02
  7.17976317E-02 -1.10199396E-03 -5.51355220E-02  3.36361416E-02
  0.66032720      0.27690670     -0.23282334      0.16252774    
 -0.15398712     -0.48698202     -0.53083199      3.66499908E-02
  0.31581581     -0.40319172     -0.11347233      1.75620317E-02
  0.19694495     -0.57527041     -0.96060085     -1.54188471E-02
  9.47968066E-02  0.83385324      -1.2314229     -4.80173528E-02
 -0.27264026      0.31297323     -0.23418082     -2.69039851E-02
  0.57196027     -0.14141761     -0.49037248      1.68990884E-02
  -1.2607059     -0.28360492     -0.61068118     -8.66121724E-02
  0.16432536      0.31411201     -0.73117596      1.17475130E-02
 -0.21503659      5.12500554E-02 -1.83983948E-02 -1.08313421E-02
  0.68156797     -0.58030450     -0.28361276      2.01792885E-02
  0.65783501      0.13391501     -3.26197185E-02  5.06484136E-03
 -0.24425352     -0.80181527      0.54019815     -8.38214532E-03
 -0.13811682      0.91140318      0.41990173     -9.25032869E-02
 -0.15846471      0.35919902     -0.28243312     -1.97447743E-02
  7.80832320E-02  0.55134350      0.25710630     -5.17874882E-02
 -0.19799557     -7.90144131E-02 -0.33429375      6.72498643E-02
 -0.19232945      8.88454393E-02  -1.2408589      1.54948700E-02
  0.42813808     -0.74516732     -0.47834402      9.88113508E-02
  0.11677087      0.18306969     -0.17040834      7.35027790E-02
 -0.28923610      6.02621622E-02  0.71532106     -2.78749387E-04
  0.19573429      0.93590754      0.28617227     -4.48815152E-02
  -1.9905901       1.0550126      0.60036272      0.12925848    
 -4.82584648E-02 -0.19991133      0.52133363      3.12319528E-02
 -0.48567754      7.82304406E-02  0.53746152      1.84804294E-02
  0.35626271      9.85555276E-02  0.33527228      2.96004303E-02
   1.0005543      0.65644962      0.26007795     -1.60636939E-02
 -6.23987578E-02 -0.59218568      0.21262923      1.64646842E-02
   1.1260245     -0.15022661      0.71887308     -1.79163180E-02
 -0.22288154      0.73436719      0.26925045     -0.10501771    
  3.16996202E-02  0.29419839      0.28421956      5.22260889E-02
 -0.22836350       1.0609236     -0.18573084     -8.40186104E-02
 -0.39436358      0.18306141     -0.64748085      5.63031510E-02
 -0.62519079      6.20874986E-02 -0.63119197     -6.11824654E-02
  0.25362837      0.23380007       1.1073227      3.41067873E-02
 -0.38980201     -0.11418262      -1.0902313     -5.19588869E-03
  0.53379881     -0.38339540     -0.99346083      1.74063090E-02
 -0.39780679      0.10695902      0.85105854      3.23749147E-02
  0.19865380      7.89133012E-02  0.91379267      5.78754544E-02
  0.44840279      2.77983397E-03  0.60244930      6.12332374E-02
  0.80558610     -0.34570393      0.73110712      2.08992753E-02
  0.81003040     -0.25786850      0.58754081      1.84706822E-02
   1.0310862     -0.25928810      0.31890750     -7.47834472E-03
  0.35322019      0.71254617     -0.11857805      1.07728047E-02
  0.97847521      9.87893939E-02  0.66964877      8.28957558E-02
  0.72778541      0.29897398      0.46668229      8.19558650E-02
  0.79187083     -2.17437334E-02  0.41186672      4.52927910E-02
  0.55920190      0.57726115      0.44269609      5.61651289E-02
  0.19977544      -2.9149127      0.73692483      7.18664099E-03
  0.80520326     -0.36130738      0.74573034      1.99488066E-02
  0.84881258      0.58591247      0.92314285      0.10389306    
  0.10848584     -4.06251289E-02  0.11809947      2.98667662E-02
  0.44199252      1.05650770E-02  0.45816618      3.13631743E-02
  0.81501412     -0.39542159      0.67050600      2.44061500E-02
  0.98073089     -0.22362387      0.34243706      2.17865198E-03
   1.1120359      0.19045500      0.37247032      9.80665535E-02
  4.95327860E-02  0.27612898     -6.90626353E-02  4.44472358E-02
 -0.31577837     -0.38110316      0.12824093      2.87746321E-02
 -0.37568593      3.39356177E-02 -0.37600347      6.59993291E-02
  0.27481160      0.42738089      1.36479987E-02  8.12664554E-02
 -2.00898796E-02  7.06629409E-03 -7.59631991E-02  0.10008197    
 -2.53889081E-03  0.15824823      0.48221231      8.61820728E-02
  0.12214912      0.18110617     -0.38941753     -3.29103544E-02
  -1.0332930      0.14599146     -8.55089203E-02  2.43690666E-02
 -6.32186383E-02 -0.22554584      7.61680007E-02  8.51934683E-03
 -0.84590149       1.4552025     -0.70104140      1.02099134E-02
 -0.41291082       1.9821635     -3.18583511E-02  9.65051278E-02
  0.95921570       1.7090727      0.16338269      0.19987839    
  1.03399195E-02 -0.90132242     -0.43673548      9.97009948E-02
 -0.38176575      0.65711331      -1.5242901     -1.11983595E-02
 -0.19729462     -0.32615095     -2.15290091E-03 -1.40187219E-02
  -2.8618026      0.73207092     -6.84302347E-03  3.16596366E-02
 -0.42190000     -0.27705428     -0.23649797      6.49530515E-02
  3.16396654E-02  -1.2444183      0.83662033      0.24303365    
   1.1493989     -0.11613058      -1.5542558      2.35748757E-03
  0.18812358      9.22763199E-02  2.60358918E-02  8.23683143E-02
 -0.71863025      0.10029560      0.91159135      0.16719465    
   1.4124526      -1.6126124      -1.1927204      3.11150998E-02
 -0.41142517     -0.76205987      0.48214570      0.10360929    
 -0.79994339      -3.5669658     -0.93529487      2.19422020E-03
  0.84535766      0.84942156     -0.46547505      8.27285796E-02
 -0.53455508      0.10002097     -0.55389977      9.13933013E-03
   1.6604683      -1.8296413      0.25416741     -2.22660620E-02
  0.18982556     -0.10178214      5.89281879E-02  1.25098284E-02
 -0.64702368     -0.34276915      0.29764569      4.89810109E-02
 -0.80775368      -1.0930990      0.67415619      9.13698003E-02
  0.72475237     -0.90411323      0.72922409      5.44099174E-02
  6.74279109E-02 -0.39731699      0.30337697     -8.27167009E-04
  0.37842083      0.26323164     -0.97411853      1.82325616E-02
 -0.11746724      0.34825343      0.62270254      3.34484018E-02
 -7.89518580E-02  0.21913640     -0.42629308      1.85843855E-02
  0.49484107      0.26222470      0.63762105     -2.58352179E-02
  0.56995076      2.30995845E-02 -0.12869115     -8.22120458E-02
   1.2915270      6.74041435E-02  0.14894046     -3.39556672E-02
  7.61866719E-02  0.58179849      7.59183541E-02 -1.21324975E-02
 -0.21058547      0.51930344      4.04505581E-02  7.74216652E-02
   2.7123830      0.67603588      2.29375791E-02  2.39221510E-02
 -5.10846339E-02   1.3404870     -0.23933968     -3.43617648E-02
  9.28912386E-02 -0.51190585     -0.43861046     -1.74309053E-02
  6.29105326E-03  -1.2565444     -0.19341619      0.13768171    
  0.14311956     -0.25455698      0.11902048      1.44698517E-03
  0.65151399      -2.7905219      0.23723736      0.13792744    
  0.77196306     -0.42046085     -0.11288203      6.51430190E-02
 -0.22341380     -0.88888842      0.42408261      5.86139075E-02
  7.69123137E-02  0.77501690     -1.20665468E-02  7.56685436E-02
  0.13945584     -0.25782260     -0.65772289      5.18615022E-02
  1.74353383E-02 -9.79569554E-02 -0.22529092      9.75499526E-02
  0.17501535      0.61072689     -0.37581974     -7.44267926E-03
 -0.82754046      0.59261721      0.58915704      9.81135815E-02
 -0.74101889     -1.26401493E-02   1.4030104      0.14541151    
  0.13692421      0.10728807      0.38582972     -2.75767166E-02
 -0.24892202     -0.32160684      0.15140267     -5.84335532E-03
  -1.3155262     -0.11507781     -0.66410226      0.21433453    
 -0.64644706      6.36452585E-02   1.0991404      8.86861458E-02
  0.38959339      0.24354784      0.16937460     -4.63684648E-02
 -0.51798606      0.10642178      8.42433199E-02  0.11183596    
  0.11810148      0.54287279      0.35121173     -1.19925318E-02
  0.12320101      0.55953330      0.95485246      6.77005872E-02
 -0.35893330     -0.14781375     -0.36374575     -1.16335917E-02
 -2.63389759E-02  0.93621147      0.57783747      7.37620192E-03
 -0.15190266      0.95077944      0.59848714      4.48673144E-02
 -0.42481261      0.22444293      0.27052546      4.73118313E-02
  8.10183026E-03 -0.45215929     -0.53976965      1.50767621E-02
  0.84889311      -1.8503166      0.15392607      7.70505592E-02
 -0.38221943     -0.41585734      0.25586781      8.75804350E-02
 -0.39514858     -0.27186871     -6.25107214E-02  8.23201314E-02
 -0.76525289     -3.49488035E-02 -0.78521478     -4.56604585E-02
 -0.11741380     -0.43619490     -0.21832599      5.92546910E-02
 -0.58594823     -0.47188258     -0.76420635      6.97655678E-02
 -0.34298614      0.25794867      0.15419264      1.23210344E-02
 -0.60722154     -0.58621269     -0.19884321      5.99386208E-02
 -0.16063948     -0.80995840     -8.00042525E-02  1.97850373E-02
 -0.40363958     -0.34737813      1.81588419E-02  6.60594627E-02
 -0.15701109     -0.40011445     -0.44743687      4.56476174E-02
  0.29510257      0.13176654     -0.56228083      4.03349325E-02
  0.30781788      3.09125893E-02 -0.52539641      5.26813567E-02
  0.41310191      2.90765520E-02 -0.65118039      4.74087223E-02
  0.88720661      5.57895638E-02 -0.73876369     -9.62385349E-03
  0.60904193     -0.21547042     -0.47791475      2.38662940E-02
  0.35640621      9.43371132E-02 -0.49531132      3.59910429E-02
  0.58143568     -9.44740996E-02 -0.49585700      2.23878939E-02
  0.77025348      9.29688290E-03 -0.50439149      2.72965487E-02
  0.42400765      0.12648118     -0.56421202      3.47971395E-02
  0.66174263      2.92416029E-02 -0.57065398      2.63184421E-02
  0.62127984     -8.46851170E-02 -0.38577199      4.27822359E-02
  0.19847442      4.65884060E-02 -0.99609387     -1.91942267E-02
  0.57181036     -0.27604514      0.20250200      0.10126272    
  0.45417234      0.14191176     -0.33372816      5.94523884E-02
  0.27980250     -0.37692940     -3.35523561E-02  0.10738388    
   1.2702285      9.46737826E-04  0.30426851      0.12194216    
 -0.20934874      0.67358780      0.59522647     -0.13735907    
 -0.91812867      0.36570701      0.14131697     -4.63035144E-02
 -0.99204254     -0.28797024       1.4010016     -0.10254212    
  0.27167770     -0.37462321      0.37299168     -3.96403149E-02
 -0.40340996     -0.25103006      0.45437658      1.25559215E-02
 -0.22478734     -0.29486567      0.10207229      6.45211264E-02
  0.57431185      0.73792285      0.41296929      5.05843721E-02
  0.68325520      0.49883795     -0.57448584      4.65095825E-02
 -0.31591761     -1.78276980E-03   1.5015057      7.03291744E-02
  0.44827738     -0.29145023       1.0177146      0.10905611    
 -7.93189034E-02 -0.47799805     -7.90854245E-02  3.86948418E-03
  0.34989336     -0.71269429     -0.14512937      2.33446434E-03
  0.16332574     -0.81383938     -0.56789798     -2.48946846E-02
 -6.35254011E-02 -0.40128359      0.21546732      9.64511558E-03
  6.63423836E-02 -0.43024617     -3.31684649E-02  1.33012505E-02
  0.32007921     -0.20051558      0.28183615      9.96953808E-03
 -0.35430899     -0.37296322     -0.12462278     -2.23218314E-02
 -5.14144488E-02 -0.16311421     -4.77638394E-02 -1.59014799E-02
  0.11729017      0.15397403     -0.24845232      4.03138772E-02
 -5.24237789E-02 -6.29373547E-03  0.57366574     -1.14635583E-02
 -0.41669670     -1.03718154E-02 -0.18932755      2.09837314E-02
  0.23662286      0.20289040      0.15663078      1.30749848E-02
  0.14739229      7.15395622E-03  0.12962222     -7.02475682E-02
  6.25182465E-02  0.22746836      0.38664499      2.71869320E-02
  5.66769689E-02 -0.84018612      -1.0267628     -4.91036586E-02
 -0.90803635     -3.18304487E-02  9.80581939E-02  3.76020558E-03
  -1.2336971      0.40745437      0.64795518      4.68373522E-02
  7.38459602E-02  0.22453593      5.14382720E-02  1.10241189E-03
 -0.23497054      8.39560628E-02  0.69462305     -1.01291258E-02
   1.0682334      0.49242178      5.32574877E-02  2.43630558E-02
 -0.27629444     -0.21732636     -0.34476858     -3.47038656E-02
 -0.57285589     -0.23918769      1.66534334E-02  8.28449056E-02
 -0.42290273     -0.10065359     -0.75024593      1.00294012E-03
   1.7101135     -5.07378727E-02  -1.7229185     -0.11015134    
  0.36743084     -9.28797498E-02 -0.40663466      6.25234172E-02
  5.99364266E-02  0.33618179      0.61421210     -3.21557559E-02
   1.2382972      -1.2684169      0.13089678      2.41391174E-02
  3.80447917E-02  -1.1341299      0.71073127     -5.73343299E-02
 -0.76749498      0.31581479      -1.0896991      8.09849799E-03
  0.21153454     -0.53277624      0.43911189     -4.29265834E-02
 -0.31100941     -0.44974861      0.12096115     -3.82206845E-03
 -0.64381003     -0.13140549       1.0844934     -0.11173528    
 -3.02148350E-02  0.21849252      0.26010078     -9.44453403E-02
  0.18848115       1.1805553      0.46116677     -4.90578488E-02
  0.30241269      0.19985273      0.28561056     -1.01704039E-02
  3.16380076E-02  0.37241983     -0.21842539     -4.23670560E-02
  0.77196258      0.98158187      7.01484550E-03  5.88835999E-02
 -0.80122644      0.92408985      0.37826672     -0.19045928    
   1.4995958     -0.86726880     -4.74500060E-02  5.89457676E-02
  1.43913385E-02  0.25213444      1.12010725E-02  2.99635269E-02
  0.78634149      1.23245304E-03  0.17971662      5.10603748E-03
 -0.85321319     -0.33184385     -0.58563882      5.67328893E-02
  0.31104439     -0.92751271      0.22275113     -5.53786345E-02
  0.15577455     -6.84681460E-02  0.13917874     -2.80923750E-02
  0.51696980     -0.55799878     -0.86923987     -3.04870699E-02
  0.60385847     -0.23349397     -0.10190241     -3.82495522E-02
  0.34321305     -0.28731304      -1.2134613     -5.64716533E-02
  0.58357739     -7.83463418E-02  0.44427472     -5.83278853E-03
 -0.46372208     -0.21642904      0.27222225      2.62511764E-02
  2.51412056E-02 -0.77359211      0.14373535      4.51955497E-02
 -0.60148746      9.06460509E-02  0.48932490      1.95926111E-02
 -0.65118760     -0.72000390     -1.19511131E-02  9.68507454E-02
  0.12409572     -0.98530459     -0.46836805      8.70527886E-03
  2.14722734E-02 -0.16447781     -0.49319911     -7.19437888E-03
 -3.91134713E-03 -0.43275651     -0.61308008      9.48121585E-03
  0.36392838     -0.65112543     -0.61550438      1.70639828E-02
  0.53805828     -0.17251697     -0.66117620      2.17444412E-02
  0.64463562      -2.1189251      0.14196116     -4.00962196E-02
  2.73510236E-02  -1.4128495      0.35098323      9.71878171E-02
  7.96214491E-03 -0.17327499     -0.26148739      4.08043563E-02
  0.34768331     -9.49654579E-02 -0.31874895      4.55936976E-02
  0.26070595     -0.28647065     -0.44439411      1.80981420E-02
 -0.21673788     -0.79990917     -0.41324776      3.18487436E-02
  0.18728614     -0.33203971     -0.33099839     -2.60504335E-03
  9.09169391E-02 -0.89825386     -0.42191097      1.47452094E-02
  0.22383478     -5.29715093E-03 -9.63063091E-02  2.54411772E-02
  0.30259007     -0.46246925     -0.47360069      6.64541358E-03
  0.31530410     -0.51491785     -0.73220295     -1.68159362E-02
  0.14425887     -0.58794308     -0.84736729     -6.20134640E-03
  4.21360470E-02 -8.80175829E-02 -0.35028198      6.05855510E-03
  0.14786552     -0.80192149     -0.26872560     -0.11630113    
  4.43558246E-02 -0.14464618     -9.05722380E-02 -5.80991944E-03
  0.24379934     -0.45901579     -0.28507578      3.03958710E-02
  2.69009843E-02  2.06027552E-03 -4.27412316E-02 -7.15356544E-02
 -0.61714000     -0.51950556     -0.13305911     -2.53498591E-02
 -0.18816864      0.15515628      0.89681143     -9.71448794E-02
 -0.24132890     -0.62857175      0.16065744     -1.00505585E-02
 -0.35878503     -0.52715957      0.31494358     -1.45871975E-02
 -1.13901123E-02 -0.50454026      0.60636377      6.35702908E-02
 -0.16801779     -0.26145193     -0.61919302      3.28514948E-02
 -0.18599157     -0.24671908     -0.56605685      4.51350585E-02
 -0.23879568     -0.27756771     -0.56324327      4.81880680E-02
 -0.86203831      -1.7079831      -2.0241127      3.57330404E-02
  0.17403370     -0.22707431     -0.44665042      3.96346189E-02
  4.80023474E-02 -0.53136081     -0.50917709      3.61089222E-02
  1.26320552E-02 -0.36094257     -0.59496689      3.58851743E-04
  7.19618425E-03 -0.47754297     -0.37972435      4.43231761E-02
  0.19149797     -0.37539068     -0.51506430      3.70617094E-03
  6.95075095E-02 -0.61048019     -0.48738161      4.34027612E-02
  3.62255946E-02 -0.42071140     -0.49340922      3.71307246E-02
  0.47882149      0.13147847     -0.48531061      1.75135806E-02
  0.53043789     -0.18077686     -0.43674213     -8.73896852E-02
 -0.29744685     -0.33835775      0.26088551      5.76838702E-02
   1.1331359      0.13394646      0.30640680      4.09107022E-02
 -0.16333337      -1.3203282     -0.16465004      6.46841601E-02
  0.34463257     -0.34710500      0.77727914      5.36832362E-02
  0.58159071      0.41425678      0.70220089      1.04975374E-02
 -0.30191723     -9.45766494E-02 -5.11091910E-02  5.98550960E-03
  0.86242902     -0.41571629      0.23059335      5.59816658E-02
 -0.36786535     -0.27243280      0.60858202     -3.10770348E-02
 -0.22210345      0.18126933     -0.79871470     -1.81804672E-02
  0.71536875     -0.70522058      0.56264722      7.19229802E-02
 -4.66411673E-02  0.12268671      0.22328514      6.25473708E-02
  0.48830023     -0.82404655      0.33798990      3.70964296E-02
 -0.18839978     -7.46625569E-03 -0.48092821     -0.10175390    
  -1.0191004       1.4175560     -0.79145020     -0.30177328    
  -1.0756153      0.78106374     -3.83756757E-02 -0.22960268    
  3.00143361E-02 -0.13015904      0.24504918     -8.38748738E-03
  -1.3660059      -1.0055364       1.0549592      0.31951886    
 -0.91571850     -0.60944414     -0.54784304     -4.81952727E-02
 -0.30004308      0.39467099      6.79125115E-02  1.69571918E-02
  0.32949066      0.45582417       1.1538482      5.80236763E-02
  0.58692825     -0.61418599     -0.72898251     -2.30714232E-02
  0.55178255     -0.52582407     -0.53176498     -1.27631659E-02
  0.25092167      0.53976852      5.31232059E-02 -6.07793517E-02
 -0.59455776     -0.51313883      0.64876699     -4.40671407E-02
 -0.13623817     -0.54796386      1.12735480E-03  2.96004638E-02
  0.22918554     -0.39467168     -0.49822983     -3.37434486E-02
 -0.59030491     -0.60092175      0.27147326     -2.74203867E-02
 -0.15735233     -0.11238723      0.21972176     -5.02810720E-03
  0.38865247       1.0573980     -3.00983675E-02 -7.22408667E-02
 -6.78821355E-02  -1.7113090       1.0562729     -4.99974452E-02
  -1.6028509      -2.8195581       2.7881589      0.24206536    
  0.78061998     -0.19803174      0.41974708     -4.22655325E-03
 -0.18949232      -1.0737833      0.38369209      0.15648940    
  0.61211908     -0.42579517     -0.26811576      2.15932317E-02
  0.12801333     -0.37162060      0.32745385      2.63621826E-02
 -0.10945682      0.24277081      0.27901810      1.76324807E-02
  0.75951219      5.71710244E-02 -0.14625928     -2.32013334E-02
 -0.31327957      0.64624393      5.24994209E-02  7.94024859E-03
  4.45038499E-03 -0.29678473     -0.18912219     -2.23895535E-02
  0.37302029     -0.37311521      0.33522016      6.08116910E-02
 -0.34933287     -0.70073217       1.1111127      3.14171799E-02
 -0.94232565     -0.70872915      0.68868959      5.86200356E-02
 -0.73296213     -0.72559500      0.96416521      9.85280946E-02
 -0.43743631     -0.11470543      0.58470649     -1.12387547E-02
 -0.18494867     -0.10732806     -6.98514730E-02  1.52394176E-02
 -2.90136524E-02 -2.77552679E-02  5.85503876E-02  1.94848012E-02
  -1.1630088       1.0326937      0.55389977      0.17536820    
 -0.18799967     -0.37603667      0.83571011      1.60665996E-02
 -7.91876465E-02 -0.42469937      0.37431180     -1.44376084E-02
   1.0653558     -0.92697269     -0.23991755     -7.85853527E-03
  0.13119729      0.13326904      0.68032122      1.75381303E-02
  0.43826431     -0.31164190     -0.23806959      4.87380708E-03
 -0.10785875     -0.39979985      0.21199243      8.22613575E-03
 -3.70627418E-02 -0.42186686      0.23453182     -6.74901996E-03
  0.19650051     -0.70004952     -9.91445109E-02  1.30034075E-03
  0.42097494     -0.92807579      7.66941309E-02  8.04612227E-03
  0.35386345      5.27904369E-04  0.14242643     -8.15047882E-03
  0.35450542     -0.45663470      0.15637003      3.28187346E-02
  0.51042128      -1.1337726      -1.3935919      6.62936419E-02
  3.59488986E-02 -0.95859557      0.49425790      6.46129325E-02
  0.37399954     -0.67193753      0.46850592     -1.79521106E-02
 -0.45192856     -0.97720271      0.48414081      7.09388480E-02
  0.51717061     -0.85186934     -0.47182077     -1.56037286E-02
 -0.41842729      2.40529403E-02 -0.16283335     -1.57098342E-02
  0.37886190     -0.70402896     -0.42456785     -1.34214312E-02
  0.17262265     -0.83287728      0.46984690     -2.19823364E-02
 -0.63034463     -0.22417052      0.47876492     -7.03751622E-03
 -0.11468422     -0.89076036      0.84528071      5.12255356E-02
  4.92042489E-02  0.11818397     -0.58644277      3.58757973E-02
  0.17465536      5.72435744E-02  8.89172107E-02  1.62272379E-02
  3.74548323E-02 -0.21365289      0.17423990     -4.65519866E-03
  0.51282084     -0.47644234     -0.98868537     -2.61045638E-02
  0.48069340     -3.26133929E-02  0.27636269     -5.68260141E-02
  0.38624871      0.64600033      0.47707713      4.57867309E-02
  0.28452462      0.29005632      0.30668449     -5.90301491E-02
 -0.16712542     -0.97742331       1.0390294      9.80346203E-02
 -0.19641647      7.83247203E-02 -0.33677843     -6.90271333E-02
 -0.47296932     -0.20224440      0.18517260     -6.94208220E-02
 -0.42956847     -0.31670076     -0.11402654     -4.62014265E-02
 -0.28803784     -3.95228565E-02 -0.10825161      4.19744216E-02
 -9.50173736E-02 -0.12682654     -0.29234415     -8.27506632E-02
 -0.29462469     -0.37173507      0.48361567     -3.75108644E-02
  6.64180964E-02  -1.1219897      0.12025382     -3.13395970E-02
  0.11492912      8.33254308E-05  0.38360569      2.29589827E-02
  4.88578714E-02 -8.47774297E-02  0.24176124      5.28692733E-03
 -0.35768566     -0.14207292     -0.15747300      3.62475142E-02
  0.76509190     -7.06783831E-02  0.21901239     -1.71926878E-02
 -0.39998999     -0.35500258     -0.38248146      4.32979204E-02
 -0.52584136      0.16896492      0.26386017      5.18108234E-02
  0.42753941      0.14448816      0.53180856      1.51869934E-02
  0.33941132     -0.86694831     -0.52828705     -3.82822491E-02
 -0.48692274      0.66879225     -0.59643346      0.14636926    
  0.53516537      0.46466222     -0.90120280      0.11234328    
  0.51298237      0.41559774      0.49045068      3.16514038E-02
 -3.96665074E-02 -0.64364886      0.50142694      6.72450382E-03
   1.0788693      0.12795682      4.51170318E-02  5.96598014E-02
   1.0496181      0.18259721     -0.20360431      0.12638740    
  0.56158125     -0.46787155       1.1727792      0.16050136    
  -1.3728788     -0.39622867     -0.76561427     -0.13533236    
  0.59078318      0.46929005       1.0802370      4.76571657E-02
  0.57725853      0.10095534     -0.21447702      6.22745678E-02
 -2.82527301E-02  4.98750769E-02 -7.25554079E-02  7.85710383E-03
 -3.01383343E-02  7.96078369E-02 -0.46287924      4.14569080E-02
  0.51659685     -9.49305892E-02  0.23462406      6.29575998E-02
 -0.59970391     -0.14572456     -0.16123609      5.17546088E-02
 -0.32017177      0.23785742     -0.71127510      4.51777950E-02
 -0.31424436      0.15534772     -0.68651128      4.96505946E-02
 -0.15916573     -0.45436725      0.20566237      4.04061638E-02
  0.43218744     -0.95991689     -1.23985801E-02 -4.29570749E-02
  0.32070979     -0.69831288     -0.20965464     -2.12341826E-02
 -0.20451254     -0.81744444      0.29051670     -1.33354682E-03
  0.28944498     -0.46633235      0.22766227     -4.75655589E-03
 -0.29453945     -0.19602647     -0.34984833      6.94264285E-03
  0.41504106     -1.63064580E-02  5.94197176E-02  5.69717363E-02
  0.35528117     -8.43544602E-02  0.16741489      8.17528293E-02
  0.25585669     -0.10334593     -0.13146695      1.72460210E-02
  0.12983179     -0.21471895     -0.52123988     -1.06572974E-02
  7.20677227E-02 -0.27319980     -3.93369906E-02  8.79259035E-03
  0.11960398      0.26423401     -0.16468790      1.93649009E-02
 -0.44458741      5.89767061E-02 -0.16333745      5.88627346E-02
  0.15651228     -0.72322130      0.10623837      3.97689678E-02
  0.18319343     -0.33405784      0.44162649      6.57762811E-02
 -4.83497567E-02 -0.29626751     -0.65643829      6.39729714E-03
  9.62955654E-02 -0.45789552      0.19891366     -5.00919484E-03
  0.27868441     -0.21723674      0.20515679      2.39604954E-02
 -0.17741957     -0.28943646      0.19617252      6.17803894E-02
 -9.36915874E-02  0.32695150     -0.19164294      1.34846512E-02
  0.34171131     -0.46323442      6.81672841E-02  8.13946966E-03
 -0.63523883      6.31888676E-03 -0.36148837     -2.06238367E-02
  5.01553640E-02  0.27547902     -0.86568666      6.41757017E-03
 -1.17059955E-02  0.15987070     -0.72017175      1.06790783E-02
 -3.56142558E-02  0.15304813     -0.62591338      2.32903957E-02
  3.74520943E-02  0.21354192     -0.58618659      5.51638864E-02
  0.32274902     -0.19366470     -0.26018542     -4.73451987E-02
  5.58793582E-02 -0.22343311      0.49408334     -2.66119502E-02
 -0.34311798     -0.24977599      0.10427073      3.45703065E-02
 -0.22067317     -0.24067850      0.35169092      1.14185195E-02
 -0.46782517     -0.47622368      2.01154929E-02  1.79767646E-02
  0.50188744     -0.67445022     -0.19812779     -2.24709082E-02
  -1.1790080     -0.83959240      0.41092160     -0.11474553    
  0.73684096     -0.12323174      0.28685030      7.34500140E-02
 -9.46472809E-02 -9.60992649E-02  0.18287972     -2.92331483E-02
  -1.2148991     -0.58068287     -0.79346645     -0.23752324    
  -1.7227037      -2.2116566      -2.5730038     -0.35984814    
 -2.09291149E-02 -0.50983781     -0.44314986      6.28644824E-02
 -0.40759271      0.52157944      0.20258674     -0.10582139    
 -0.20043764     -0.59325129     -9.61464867E-02  6.45630062E-03
 -0.88654619     -0.57416016      0.25138295      5.23836701E-04
  0.82293010     -4.46997583E-03   1.3116521      0.10819751    
  9.99364033E-02 -0.18516243      0.16336849      2.58105621E-03
  0.37502635     -0.22801539      1.07631208E-02 -1.48786074E-02
  0.49176612     -0.66489160      0.75900292      1.97111387E-02
  0.42336157     -0.24969578      0.73511487      2.74633132E-02
  0.41408110     -0.66595465      0.69773692      1.51064042E-02
 -0.41893938     -0.12960188      0.26095194     -2.28737341E-03
 -0.46429959     -0.19753896      0.38774383     -4.13312670E-03
 -0.66326702      0.23645657      0.33742365      8.87853652E-03
  0.18585441      7.17856362E-02 -8.88549536E-02 -2.61740088E-02
 -0.76388443     -9.12634879E-02  0.19707783     -1.87312271E-02
  -1.0939281     -0.48656285      0.64134055      5.30472547E-02
 -0.44974744     -0.41244736      0.50475293      3.08145061E-02
 -0.28193158     -0.44163135      0.42316145     -2.99684424E-02
 -0.28021288     -0.26310053      0.31634045     -7.02779666E-02
 -0.16223817     -0.83874977      0.34138006      2.59739738E-02
  0.62085903     -0.30900455      0.68916529      0.11196671    
  2.27823332E-02  0.89406353      0.75460505      1.04134735E-02
  0.19531870     -0.14695522      0.12188190     -2.02251021E-02
 -0.39442661      0.26974303      0.13476487      3.07446811E-03
  0.20460771      6.46634996E-02  0.99008083     -4.75121625E-02
   1.1254869     -0.81773317      0.28799748      9.78399515E-02
  0.78158545     -0.35897204       1.0100598      5.74939325E-02
  0.49862427      5.54010943E-02 -0.37540838      1.29792970E-02
  0.44463143     -0.47694555      0.43305975      3.48981917E-02
 -0.73456967     -0.53698999      0.53312540      0.18453997    
 -0.30208087      0.26863915     -0.19719192      3.24513093E-02
  0.54769480     -7.48877227E-02  0.27970344      3.04890331E-02
  9.70500708E-03 -0.28917030     -0.22854525      2.40216926E-02
 -0.19715892      1.24291051E-02 -0.10549748      2.75676884E-02
  0.35602656      0.17192127      0.76591390     -4.83137602E-03
 -0.11285214     -0.12932591     -6.83772117E-02 -9.89770666E-02
  0.19852744     -0.41784516      0.40127715      2.48458330E-02
  0.37713683     -0.35289168     -0.14223641      4.31068279E-02
 -5.72862811E-02 -0.34583083      0.18071817      1.14457216E-02
 -0.27234092      0.26139060     -0.29749575     -0.13690911    
  0.16549364     -0.31801465      1.94105413E-02  4.39778604E-02
  0.12600271     -0.43981045     -3.86198051E-02  3.30107566E-03
  0.17388701      0.27079314      0.56082737      7.10016564E-02
 -0.46311641     -0.65070766      -1.3672489     -9.77925509E-02
 -0.24418880     -0.31867728     -0.23799315      5.16107231E-02
 -0.71217912     -0.45106611      0.59784079     -8.45818147E-02
 -0.53236824     -0.22460058     -9.56880823E-02 -7.43467286E-02
  0.52445787      0.47790408      9.33073163E-02  1.99715607E-02
 -0.22478864      0.23763117      0.75720859     -1.65723003E-02
  0.52281958      0.38397604     -0.73515922      5.81512898E-02
 -0.43731630     -0.32956496      0.42502511     -4.65491749E-02
  0.79572684     -0.21842392       1.0090574      0.10461698    
  0.88565284     -0.22069898      0.55366671      7.10199922E-02
  0.50500721      9.74181890E-02  0.51452571     -2.49303523E-02
 -8.41953084E-02  0.43333501      0.95735347     -7.65585527E-02
  0.62566382      0.35595360      0.34884971      4.69734631E-02
 -0.48577484     -0.13348299     -0.30311874      5.02614975E-02
  0.22804706      2.09903400E-02 -5.90024702E-02  4.91701066E-05
   1.2595915      0.53435308      8.73333961E-02  7.72751272E-02
 -1.27333337E-02  0.11085390     -0.25708181     -8.52923170E-02
  0.26461095      0.27558646     -8.40170681E-02 -1.46984346E-02
   1.0862890      0.14725515      0.18671137      6.79095015E-02
  0.19839233     -0.45534137     -0.50006372     -2.99212206E-02
 -0.32590723      0.10954116     -0.20277883      3.87436189E-02
 -0.62728769      0.15096466     -0.62311077      8.49544443E-03
  -1.3126389       1.2814634     -0.71619916     -4.42447402E-02
  0.81753218      0.25898010     -0.42507300      5.11348061E-02
 -0.43963954     -0.37665552      0.96952695      0.10828169    
  0.56563604      0.22582068      0.59268445      4.22395691E-02
  1.90500170E-02 -0.14768721     -0.24510728      9.29319672E-03
  0.43248788     -0.22260286     -0.80523449      9.21778381E-03
 -0.38579115      1.09094102E-02 -0.42651007      2.13581901E-02
 -0.31566021     -0.34108397      -1.6496823      0.13000993    
 -0.25193748     -0.55019224      0.44742519     -2.71103811E-02
 -2.55558249E-02 -0.25970843      0.83788621      1.83994342E-02
  0.25160176      0.17605689      0.43197334     -2.92887762E-02
  0.22795337      0.12748989       1.1344806     -5.81761356E-03
 -0.42187634     -0.39554772      9.98146832E-02 -6.07121475E-02
 -0.79952884     -0.27717492     -0.26047546     -0.15158613    
 -0.12321800     -0.89420831      0.30937681      7.99829811E-02
  0.45142826      8.36898759E-02  0.24058197     -8.21698532E-02
  -1.5547614     -0.11450512     -0.23237754     -6.26200214E-02
 -0.86970228     -0.13375047       1.0649463      7.51781613E-02
  0.35130429     -0.89952564      0.17183365      1.97332483E-02
  0.46644038     -0.20717634      0.67866552      1.27820130E-02
 -0.23474479     -0.63069791     -0.40471974      8.41899775E-03
  0.51339668     -0.19338357      0.96553189     -5.15139522E-03
  0.39975476      0.15018389      0.29026166      1.60196293E-02
 -0.33110893     -0.63550055      0.79390651      5.05062789E-02
  9.06461403E-02  9.19693559E-02 -0.23236980      1.43973976E-02
 -0.16407798     -0.51842225      1.60505027E-02 -6.46892004E-03
 -6.79867938E-02 -0.20604591      0.18334998     -2.42541917E-02
  4.89258878E-02 -0.58495641      6.30180836E-02 -2.62183715E-02
  0.24509321     -0.30903065      0.10792750     -8.20024870E-03
 -0.59642726     -0.71091157     -5.83104640E-02 -4.55779210E-02
 -0.52006423     -0.33971062      0.13275357     -9.53696743E-02
 -8.31442252E-02 -2.95328740E-02  0.64302766      1.93949956E-02
 -0.39095804     -0.42662841     -0.35875702     -7.70788863E-02
 -0.12702587      7.05684125E-02  0.53558999     -7.05510797E-03
  8.79837945E-02 -4.18531485E-02  0.69303143     -8.06723759E-02
 -7.86530897E-02 -0.38343775     -0.17079382     -4.73223813E-03
 -0.53812689     -0.56074536       1.1431659     -5.34602515E-02
  0.65171677     -0.41448855      0.51197398      9.99833718E-02
 -0.46737358      0.83187014     -8.35142434E-02  2.03999635E-02
  0.86689651      -1.4998509      -1.3535901     -1.90951563E-02
   2.1213818       2.0697005     -0.73548698      0.11370435    
 -0.12082357      0.54340303     -0.48870981     -5.57240918E-02
  -1.6163510      0.88360059      -2.0461993      4.02673110E-02
  -5.0408983       2.6774998      -5.4916539     -0.28473356    
 -5.32000624E-02 -0.22455882       1.1743003      0.17095812    
  7.31499195E-02   1.6058037       1.9434867      0.19098760    
  0.63372046      -1.2148472     -0.34910798     -2.82481574E-02
 -0.54800141      0.80637789     -0.29913574      2.48160847E-02
  -2.1734703     -0.24971023     -0.30233580     -6.16149046E-03
  0.12405650     -0.74421924     -0.86443663      2.10234784E-02
   2.1528175      0.90294081      -1.1610494      8.80314782E-03
   1.2317407      -1.1477786      0.50285101      0.11169545    
   1.6478609       1.6539066     -0.47513545     -8.43835156E-03
   1.1385927       2.6660445      0.63318783      5.99970743E-02
  -1.1622282      -6.6827817     -0.82583153      1.79769378E-02
   4.9322963       1.7595177     -0.83735389     -5.78404590E-03
  2.04485431E-02   2.5587478       1.0239404      0.28957462    
  -1.2324160     -0.11140824     -0.99718106      1.57721285E-02
  -1.7467418     -0.52452171     -0.27674302     -3.17401513E-02
 -1.39704384E-02  0.68642861      0.20621943      6.40920969E-03
  -2.1423886      -1.5710795     -5.78161404E-02  9.57911015E-02
   1.5534619     -0.25165245      0.74406832      2.62540672E-02
 -0.79576492     -0.17739001     -0.21449699      2.39800848E-02
  0.63027388     -0.27803749      0.20560917     -8.87456313E-02
  0.94091475      -3.2155068     -0.75599098      4.79858555E-02
  -2.1223960       3.0809960      0.26459801      0.16971892    
  0.23177697     -0.94864291      -1.0453526      6.22939207E-02
  0.70875472      0.61428553      0.40247247      9.04292539E-02
  0.11984124     -0.54711956      2.12235767E-02  7.42577389E-02
   1.4294251      0.66915303      0.47614005      0.20993498    
   1.5330133      0.85451055     -0.58106458      3.53826489E-03
 -0.52723020      0.77004033     -0.25674021      3.37112918E-02
 -0.63373828     -2.51004193E-02  3.54417451E-02 -1.42473904E-02
  0.79616696     -0.33039284      0.62304389      0.11107569    
 -0.33209401     -0.47273162      0.18702736     -4.44933772E-02
  -1.5664120     -0.43810979     -0.58085150      7.92846829E-02
  -2.3072925      -1.0926392     -0.71332502      6.55029565E-02
   1.3462965     -0.48855668     -0.33812559     -2.83983983E-02
  0.53465211      0.31454924       1.9211895      0.22092120    
   1.1650555      -1.1652650     -0.43430415     -2.36623678E-02
 -0.61005092       1.9896619      -2.2279122     -0.32946464    
   3.2763929      -2.2093334      -1.6097361     -2.90428195E-02
  -1.4266824      0.56793272       1.5981934      0.13550289    
 -0.28217292     -0.86532295      0.48414311      2.55966783E-02
  0.29370573     -0.39792734      0.16230096      1.53264217E-03
  -1.0185547      0.17639747     -0.86074787      2.70232614E-02
