 -0.81684995      0.70782882      0.19243178      0.11754443    
  4.98979539E-02  0.37668368      0.45105165     -1.44735519E-02
  0.13003680     -0.25589365      0.54131567      6.85730949E-02
  0.92604685      -1.4640348      0.20029545     -2.60019433E-02
 -0.38333842      0.53437191     -6.05408214E-02  6.56396970E-02
 -0.16225624      0.80974656     -0.15726915      3.27209532E-02
  0.72032398      0.52475345      0.11164555      7.98493326E-02
  0.33179042     -6.77908659E-02 -4.42804694E-02 -6.03364632E-02
  0.82736921      9.49817300E-02  0.98401284     -1.96803194E-02
  -1.3660920       2.2359617      0.30403310      0.22683370    
 -0.35627252     -4.10706326E-02 -0.30490264     -2.41760183E-02
  0.30060759      8.12620968E-02  0.23080575      5.14225475E-02
  0.31948277      0.13435254     -6.95509538E-02 -1.22064883E-02
 -0.36692101      0.25697988     -9.37183723E-02 -2.63590850E-02
  0.16197717      0.43892053     -0.31127334     -7.58137088E-03
 -0.20398685      0.23330233      -1.7053919     -0.16317575    
  0.19927046      0.37732840      0.56322026     -1.63278531E-03
  0.45748460     -0.26625869      0.36630863      4.37146761E-02
  0.62709892     -0.39763725      -1.3346245     -4.47959602E-02
  0.64879286      0.35789001      0.20524463     -7.00250920E-03
 -0.43725315       1.1202339      0.83825165      0.16993526    
  3.40332165E-02 -0.73515385     -0.65687644      9.62217897E-02
  7.01749176E-02  0.35371673     -2.36215368E-02  3.38660218E-02
  0.47717154     -0.44282651      0.18337148      3.37910764E-02
 -0.49278113      8.54818150E-02  0.21993536      9.17945802E-02
 -0.85874838     -0.21413805      0.22410828     -0.20985499    
  0.35641977      0.41255835     -0.15705745     -8.21474195E-03
  2.80089979E-03  0.60591364     -0.36057788      3.11572477E-02
 -0.51843596      0.55772728      -1.0682284     -1.63425840E-02
  0.21825849     -0.41280925     -0.37885109      2.18445598E-03
 -0.57458854     -0.30621108      0.57335198      4.57300805E-02
 -0.18282294      4.33379523E-02 -8.38198736E-02  3.01225502E-02
  3.51083577E-02 -0.13776729      0.55515134      8.16710442E-02
 -1.67273730E-02 -0.29943833      2.73056477E-02  4.00334597E-02
 -0.42972910      0.17703670      8.23323652E-02  4.60127629E-02
 -0.58343643     -1.70138180E-02  0.75178170      6.11608177E-02
 -0.25381467     -0.71706355     -0.35284242      1.53938197E-02
 -0.32918677     -0.78279012     -0.37720382      2.02010795E-02
 -0.50948584      0.21842356     -5.03739268E-02  2.20955275E-02
 -0.12989661      0.26411864     -4.47321031E-03 -2.79517211E-02
 -0.32381794      0.42899925     -0.38838929      7.59867877E-02
 -0.44831836      0.52173221      0.56420159      0.13038416    
  0.23243600     -6.12128116E-02 -1.41235311E-02  1.76921207E-02
 -0.49424088     -0.38146099     -6.87567070E-02  3.38974781E-02
   1.5974852     -0.36154899      0.46968624      1.32782329E-02
 -0.59701198      0.14317702     -3.30117308E-02  4.44697328E-02
  0.35127196     -0.50934237      0.17252038      2.31459532E-02
 -0.37052971      0.47211933     -7.95910656E-02  1.22585418E-02
  0.52189541      0.77415836     -0.47895464      8.05605575E-03
 -0.51932186     -0.44338715     -0.42277256      9.78632830E-03
  2.28568707E-02  0.55024439     -0.41432485     -3.69382207E-03
 -0.44687650     -0.50373828     -0.20003018      6.81783829E-04
  4.38684635E-02  0.33597767      0.18144420      3.31767835E-02
 -1.78761911E-02  0.13913175      3.21872123E-02  4.69080284E-02
 -0.75164020      0.25153992     -6.36046529E-02  1.42915538E-02
  0.11758083      -1.1081398      0.26741257      4.02614474E-02
 -0.24176358      2.97412556E-02  0.65338928      3.29071283E-02
  0.25047886     -0.62538242      0.17046383      4.20591794E-02
  0.24528164      0.69891256      0.74306589      5.76325580E-02
 -0.27762872     -0.59948689     -0.72821403      7.56298145E-03
 -0.12558016     -0.23946384      0.15930210      1.34101883E-02
 -5.12685487E-03 -0.82263243      0.30833012     -9.43224505E-03
  2.64264196E-02 -0.14344817     -0.33751634      1.51382899E-02
 -8.31786469E-02  0.24209726      0.20034429      6.86026663E-02
  4.25072424E-02 -0.18618619      0.16907270      4.79268730E-02
 -0.24542406     -0.32006451     -0.69886869      5.73303998E-02
  4.70171608E-02 -4.23023384E-03 -0.55442512     -5.57767563E-02
 -0.33731502     -0.36218596      0.79021078      3.34812216E-02
 -0.56301808     -8.00133049E-02  0.13421176      1.99519712E-02
 -3.48425582E-02 -0.10816947     -3.58698051E-03  2.08595488E-02
 -1.47494813E-02  0.92667896     -0.50066954      3.62341180E-02
 -0.44029567     -1.93220861E-02 -0.20036164     -1.81573723E-02
  0.78152728     -0.85237038      0.18222724      2.50264499E-02
 -0.31186667      4.68185022E-02 -3.91336679E-02 -6.37980318E-03
 -0.64609450     -0.35789382      0.32665280      5.69892153E-02
 -0.48921642     -4.50093858E-02 -0.18479910      5.37356585E-02
 -0.50406343     -0.27887285      0.55869281      6.95654228E-02
 -0.21692252     -0.53049201      2.67788358E-02  5.73850237E-02
 -4.91365008E-02 -0.97735661     -0.16808894      6.68132007E-02
  0.36372647      0.35544160      0.26620206      3.34671214E-02
 -0.17407288     -0.28816304      0.99295300     -2.84688780E-03
  0.61135674       1.1942016      9.00708884E-02  7.22829327E-02
  0.37964797     -0.19630393      0.44449890     -9.01767015E-02
 -0.26818854      0.23783852     -0.46910596     -1.54883815E-02
  8.11616518E-03 -0.67020977     -0.24366063      7.96150714E-02
  0.69054973     -0.86849910      0.35621065      7.23998575E-03
 -0.34840640      0.92021221      0.26030645      8.04099813E-02
 -0.12789720      0.10977229      8.80709067E-02 -8.99462961E-03
  0.14271864     -0.29633579     -0.38437453     -1.46779604E-02
 -0.55219561     -0.36494482      0.55416161      4.91510183E-02
 -9.58997235E-02 -0.60405123     -0.10415398     -3.37439142E-02
  0.52447754      0.59205645      0.17990839      0.12068454    
  0.16209623      0.17744309     -0.11878165      6.09678626E-02
  0.11835030     -0.49841079      1.30085312E-02  5.87025583E-02
  0.22221592     -5.34278378E-02 -2.53806598E-02  5.62045537E-03
  0.32412878      0.37620139     -8.09596926E-02 -1.20849209E-02
  0.13492957     -8.92096758E-02  6.40882328E-02  3.00961230E-02
  0.89498198       1.4614550     -0.10723091      5.37708029E-02
 -0.26648852      0.58103782     -0.17128251      3.53606194E-02
  0.40148664       1.0127109     -0.18748756      9.28614810E-02
  0.19022068     -0.31715783      7.96389952E-02  2.94076167E-02
 -0.17794709     -0.35553867     -0.37965661      3.29701863E-02
  0.33767667     -0.22051728     -0.30703127      4.40560170E-02
  0.30566841     -7.19585866E-02 -0.27297810      4.90130298E-02
  0.53175205     -1.01178223E-02 -0.23866433      4.70577665E-02
  0.29073218      1.58966407E-02 -0.25058347      2.95207240E-02
  0.31225270     -6.37785867E-02 -0.26379621      4.66632955E-02
  0.30765307     -5.30237108E-02 -0.24596551      4.71654497E-02
  0.31027871     -7.86275342E-02 -0.23746598      4.80917878E-02
  0.19123945      0.27706626     -0.17509146      4.09667045E-02
  0.51483721     -0.37807885     -0.31516713      2.86363754E-02
  0.30130115     -7.01794103E-02 -0.27876562      4.90121767E-02
  0.49403846      0.26793283      0.13066396      2.55756918E-02
  0.90485311      0.12696011     -0.59631932     -6.85454234E-02
  0.34905359      0.19045201     -0.23739785     -9.29148868E-03
  0.66524547      3.02460119E-02  0.24466419      3.45695205E-02
  0.29741248     -2.09857877E-02 -0.31720436      3.69165614E-02
  6.04139976E-02 -0.45072705      -1.1810215     -8.11576322E-02
  0.39251739      1.60507429E-02 -0.30853483      1.29875652E-02
  0.60419595     -5.81149608E-02 -0.12455197      2.75246464E-02
  0.90951163     -5.20660654E-02 -0.14114314     -1.31630730E-02
  0.52443779     -0.18286592     -0.36924401      1.62602216E-02
  0.22601238      6.37259483E-02  0.23059921      7.60679394E-02
 -0.17897817      0.31941170     -0.51331335      2.14514807E-02
  0.26688880     -5.43983988E-02 -0.36451921      3.27603593E-02
  0.19415121      0.51141930      0.20421219      0.11077277    
 -8.92332047E-02  2.78584566E-02 -0.13669322      5.13590761E-02
 -0.23609073      0.45453432     -0.47938460     -6.56497199E-03
 -0.10100940      7.92753771E-02 -0.11620581      5.66281341E-02
  0.32295227      6.28904253E-02  8.81233066E-03  1.88474671E-03
  2.74680741E-03  6.50183484E-02  3.59755829E-02  1.50386337E-02
 -0.15872207      8.92637298E-02 -3.21100429E-02  2.13330109E-02
  0.22707127      9.86894686E-03 -0.19567430      4.30784486E-02
  0.47379285      0.65614879      0.59910846      2.80217100E-02
  4.35621068E-02 -0.20302989      3.45763974E-02  4.69798408E-02
 -1.87645499E-02 -0.11647420     -0.25121439      2.99945530E-02
  0.11764683      8.13123807E-02 -0.11525574      3.28596472E-03
 -4.32719253E-02  0.32351500      0.10167397      4.37022224E-02
  0.12485348      0.39703858     -1.61535759E-02  4.88935038E-02
  -1.1489266     -5.76844178E-02  0.24646662      3.30174416E-02
  0.49159676     -4.83989753E-02  3.99325266E-02  3.10065057E-02
 -6.77067740E-03  0.35096696     -0.32241952      4.39180732E-02
  0.16665979      0.44883355     -0.17917077      8.41704197E-03
 -1.09193595E-02 -0.26841682     -0.31969178      4.51721624E-02
  0.93734300       2.4636614       1.4545963      0.18821540    
  0.36235237     -0.48924083      -1.1012403     -7.02583045E-02
  0.16553888      0.25277793     -0.17120087      4.04920429E-02
 -0.84905666     -0.46097150     -0.36766276     -4.19279262E-02
  0.23938039       1.1304498      0.61696976      2.42531840E-02
 -1.89241599E-02  7.11942911E-02 -0.39252606      7.86476731E-02
 -0.63757300      3.30247320E-02  4.60908599E-02  2.47006863E-02
 -0.17758957      0.20856538      0.40136400      5.65150417E-02
  0.50750333      9.47406366E-02 -6.21794462E-02 -2.12869477E-02
  0.66508698      0.79251117      0.35848254     -1.72390006E-02
  7.82528892E-02  6.17455021E-02 -8.66157338E-02  1.40759237E-02
  9.23452601E-02  5.15732029E-03  3.43769044E-02  1.87572408E-02
  9.99588370E-02 -0.36391649     -7.24800825E-02  2.00634487E-02
  0.47867265     -0.18248640      0.36358559     -2.58840583E-02
  0.50069374      9.16079991E-03  0.45049542      8.87077376E-02
 -0.30580810      0.62661409      0.29162505     -2.76650265E-02
  0.33453384     -4.35499437E-02  0.44206697     -4.28821743E-02
  0.28967297      0.56474447     -6.08807728E-02  2.65636910E-02
  9.19265375E-02 -0.17284897      1.04434183E-02  2.46413685E-02
  0.39335501     -0.97268140      0.10132309      3.45054753E-02
  0.47688448     -7.60243610E-02 -8.33344311E-02 -8.55275989E-03
  2.24969424E-02 -2.77630743E-02  1.49435340E-03  2.85545215E-02
  0.16222118     -0.19896999     -0.39006102      4.94614430E-02
  0.62501371     -0.19447820     -0.13928767      1.92553028E-02
  0.55687469     -0.25196117      0.13865963      5.69197498E-02
 -0.14381440     -8.14381167E-02 -0.22587776      4.57251370E-02
  0.13148910     -0.12498192      0.31890559     -1.06587373E-02
  0.58680826     -9.56414342E-02 -0.54784077     -5.00294054E-03
  0.22373146      3.16490270E-02  0.26471472      5.00184000E-02
  0.30736363      -1.2163811      0.12133811      3.30256037E-02
  0.14925703     -0.80607152     -0.20292976      2.23226845E-02
  0.90713739      0.86360997      2.35968065E-02  1.49439815E-02
  4.28863242E-02  0.42448339     -0.32342958      4.73891720E-02
 -0.15908235     -0.18914841      9.38443094E-02  4.40069363E-02
  0.33923700      2.63481289E-02  0.46712157      6.98791668E-02
  5.20575345E-02  0.22247964     -0.44862023      1.65885519E-02
 -5.67608885E-03 -4.12957277E-03 -1.18392473E-02 -2.05983277E-02
 -5.83244041E-02  0.14891256     -5.09941950E-02  1.99760906E-02
  0.11295606     -4.69957031E-02 -2.92066224E-02 -7.13868439E-02
 -0.16369545      0.20759186      0.11541784      4.50177677E-02
  4.26719636E-02 -0.90364444      0.38349307      0.11651381    
  0.21875627      4.91596051E-02  0.13153259      3.48575190E-02
 -0.29459658     -0.16088438     -0.43457913      7.90160224E-02
  5.99407256E-02 -0.29858768     -0.40731162      5.63251860E-02
 -0.24054141     -0.55316770     -0.86169320      4.56377752E-02
 -0.51935178      0.95758277      0.35147864      0.11800773    
  -1.3238326     -0.81221932      0.58183956      3.54517289E-02
 -0.22200286     -0.20177923      0.13310602     -6.54072538E-02
 -0.52443445     -0.70422184     -0.78055084      6.04672059E-02
 -2.45041102E-02 -0.11393383     -0.12425414      1.01022711E-02
 -0.33539924      3.83098647E-02 -0.86218780     -3.54586691E-02
 -0.53322870     -0.11066154     -0.77955151     -3.77809033E-02
 -0.22115102      6.22747540E-02 -0.95501775     -1.19765224E-02
 -0.16392738     -0.14828926     -0.76446658     -3.77357826E-02
 -0.30926251     -4.35935594E-02 -0.80264956     -3.48791555E-02
 -0.39578313      5.91753945E-02 -0.88636941     -4.33264561E-02
  0.61484718      0.88893962     -0.48210579      8.91973674E-02
 -0.14093621     -7.60224238E-02  1.41927404E-02  5.20641953E-02
 -0.10252830     -0.30880460      0.69378579      1.67148747E-02
  0.11437675     -0.19544259      0.26725498     -4.98293061E-03
  0.15951614      0.10205934     -7.97081515E-02  8.68499838E-03
  -1.0994409     -0.88318461      0.57556123      0.12518309    
 -0.25358614      0.61708158      0.27874121      3.03222071E-02
  0.22736327     -0.27288479      0.19454522      5.58388010E-02
 -0.28467506      1.53166242E-02 -0.17868295      7.64880981E-03
  5.88953085E-02 -0.36224484     -0.25376034      7.15411594E-03
  0.28173098      0.25258738     -7.58007765E-02  7.38276914E-03
 -0.58103454      -1.0161270      0.18918872      3.51518728E-02
 -0.15344392      0.43972486      0.45049909     -2.60320511E-02
 -0.51944381      8.78549833E-03 -0.44965580      0.11064348    
   1.0040119     -0.77882117      0.70123237      2.97111087E-02
  -1.0213439      0.68964022       1.8338544      0.21318033    
  0.86550093      2.96414196E-02  0.21530743      3.26050967E-02
  5.34924865E-02  0.35398814     -3.25329602E-02  1.97473969E-02
 -0.61095876     -0.14461398     -0.73301059      2.09787395E-02
 -0.11181364      8.59097019E-02 -0.41631037      3.90857607E-02
   1.2009796     -4.75730412E-02  -1.0665346     -7.49568939E-02
  0.31185126     -0.58946633      0.11710633      1.93680748E-02
 -0.52967107     -7.27270320E-02 -0.81039941     -6.80786967E-02
 -0.14388597     -6.80169985E-02 -0.27007619     -4.50324863E-02
  0.19161616      0.31684965     -0.21324462      5.95465750E-02
  0.25492883      -1.1458570      0.36751452      7.86720514E-02
  0.30868763      0.68199837       1.0267030      7.79126808E-02
 -0.19476038      1.75742432E-02  -1.1409481     -3.48823294E-02
  0.11477707      8.41473043E-02 -0.45753887     -2.37062369E-02
 -1.67771382E-03  0.25240716     -0.61828375      1.43022360E-02
 -0.40555897     -2.25311867E-03  5.15526906E-02  1.80263706E-02
  0.19008695      0.32298353     -0.65812808     -2.19744258E-02
  0.14570799      0.62816381     -0.86977172     -5.84267862E-02
  0.20096570      0.69168991     -0.85836804     -6.49956241E-02
  0.21318109      0.72034037     -0.90019238     -6.95284605E-02
  0.15474376      0.17510796     -0.54611158      6.81401696E-04
  0.22959444     -0.28173542     -0.45201126      6.00581579E-02
 -5.76087758E-02  0.25193337     -0.41045514      1.75587554E-02
 -5.36381416E-02  0.26155847     -0.48903757      1.14022112E-02
 -0.10321897      6.44633919E-02 -0.14163515      5.28371334E-02
  7.59865623E-03  0.81474876     -0.73440051     -6.85390681E-02
 -7.04814028E-03  0.80579126     -0.66789496     -7.37036914E-02
  1.78602431E-02  0.82692105     -0.77644622     -7.44541138E-02
  0.24264568      0.57028610     -0.91554731     -4.53095920E-02
  0.15591419      0.27467266     -0.75526428     -1.32957110E-02
 -4.93807457E-02  0.27310449     -0.48781401      2.34514177E-02
  0.26594922      0.54646069     -0.90353107     -4.56984527E-02
 -0.10016226      0.63107532     -0.58174884     -5.48765399E-02
 -0.14118189     -0.20156990     -0.28965473      6.73543960E-02
 -0.11234841      0.69412434     -0.70274097     -6.53459206E-02
 -9.55664515E-02 -4.57571372E-02 -2.78052371E-02  5.80725595E-02
 -2.89911143E-02  0.32478547     -0.42123425      1.02697834E-02
 -8.23940486E-02  0.30763835     -0.44816545      6.70943130E-03
  0.23939960      0.69396067     -0.96918380     -6.55687153E-02
 -0.15032823      0.16475317     -0.41362217      1.89654194E-02
  0.17816396      0.35696596     -0.74661744     -3.19275334E-02
  0.12449845     -0.40583736     -0.41528332     -1.23819374E-02
 -9.62224379E-02  0.32245839     -0.41285604      3.53000648E-02
  8.51162523E-03  0.75363040     -0.80254632     -6.10239021E-02
 -2.30965484E-02  0.27732673     -0.44638011      1.74064245E-02
  5.23279272E-02  0.80199724     -0.72729099     -7.21483827E-02
 -0.14304790      0.30411384     -0.42560107      3.41950841E-02
 -3.56316529E-02  0.84174883     -0.73528492     -8.57580081E-02
  0.15870456      0.33146292     -0.56592739     -1.88384894E-02
 -0.30548808     -0.30694935     -0.22276889      0.10418718    
  0.12179695      3.62279154E-02 -0.52674532      2.20168047E-02
 -0.18866630      0.28659621     -0.29141399      3.69511433E-02
 -5.22289891E-03  0.78709978     -0.72706878     -7.59903416E-02
 -0.48787642     -0.44943336     -0.33965856     -4.47256118E-02
 -8.94609690E-02 -0.38390806     -0.18614221     -7.06328228E-02
 -0.15729716     -0.59562540     -0.45342264     -3.12600397E-02
   2.1317673     -0.39065853      5.44563681E-02 -3.93415429E-02
  0.13422829     -0.77432317     -0.26487231      2.56237993E-03
 -0.64572805     -0.30991006      0.31249189      5.16224056E-02
  0.11582749     -0.79812294     -9.88644212E-02  1.17318043E-02
 -0.25101590     -0.81386131       1.6321981      1.48766898E-02
 -0.27259123      0.24759200      -1.4689755     -2.83647273E-02
  1.40764555E-02  0.68972278     -0.35581574      3.19850668E-02
 -0.26773325     -0.40363535      5.08184396E-02 -2.88274698E-02
  0.20818760      0.13729763      0.51766783      7.15871826E-02
 -0.53014213     -0.54972500      0.68900168      7.49686286E-02
 -0.36894205      0.33766037      0.16501445     -1.57505460E-02
  0.63099694      0.86735016       1.0218351      0.15429485    
  0.26102099     -8.57992694E-02 -2.84402035E-02  2.63471231E-02
  0.68259895      0.25895512     -0.12858854      5.81440702E-02
  0.25733355      0.26756510      0.12179644      4.58292365E-02
  -1.0553732      0.75309342     -0.96798176      3.76183465E-02
 -0.29863125      6.09124787E-02 -0.24791601      9.97660160E-02
  0.26599649     -0.59430146      0.11296549     -4.03681323E-02
  0.43073517     -0.21442056      5.88719994E-02  2.39789858E-02
 -0.15340017      0.15788777      -1.0589414     -1.18851587E-02
 -0.40125036      0.24971165     -0.22957543      3.50029580E-02
  5.77277578E-02 -9.09203291E-02  3.38144694E-03 -1.60791054E-02
 -0.11300820     -0.31778395      0.34597450      2.60573123E-02
  0.20986471     -0.22466707      0.78721827      5.75616248E-02
 -0.46389389     -0.31453446      0.14669882     -9.76961404E-02
 -0.17740795      1.64019037E-02 -0.75627333      2.08641067E-02
  0.22231935     -0.22287752     -0.70197952      5.56817465E-02
 -6.91977367E-02 -0.11746696     -0.34875441      7.10533932E-02
  3.05740424E-02 -5.94841763E-02 -0.28452188      4.66045551E-02
  2.07130220E-02 -0.20780233     -0.48790058      3.46908793E-02
  0.38755205      7.53457174E-02 -0.38387114      3.25379521E-02
 -0.19882818     -0.44424263     -0.23427746     -8.94418452E-03
  0.34816277      9.21642631E-02 -0.37793782      3.67780328E-02
  0.15244529     -0.11773179      -1.0528346     -9.07527506E-02
 -0.42362484       1.8265250     -0.78414351     -4.14528884E-03
 -0.90893775      -1.1621728      8.00337177E-03  1.04865925E-02
 -0.82211280      0.11791004      0.15925683     -0.13043196    
 -0.37472612      0.70124239      0.11058056      5.26025668E-02
 -0.23055612      9.57680419E-02  0.45358780     -1.66474120E-03
  0.77724808      0.61973369     -0.32681704      3.03233098E-02
  1.63984625E-03  0.40479934     -0.63282228      1.78347379E-02
 -0.36459523      1.23345219E-02  0.88046086      4.60314043E-02
  0.41659701     -9.32622105E-02   1.0562700     -9.01572127E-03
  0.47771987      0.83675086     -0.77820694      1.98209397E-02
  0.87591290      0.27128670     -0.34558856     -8.09145197E-02
 -0.19721007     -0.14257275      0.51426864      6.36579022E-02
  0.17570533     -0.63852566     -0.52486360      4.02813517E-02
 -0.46105248      -1.5299371       1.7667183      0.26197833    
  6.19619600E-02  0.23319364     -0.23987806     -1.37367286E-02
 -0.80875844      -1.2520682     -0.31202096     -1.38321687E-02
  0.85119188     -0.19154575     -0.22250539      0.11833694    
  0.66148043      0.41156176     -0.22958776      0.16168970    
 -0.28379533     -0.39169890     -0.66270941      3.72286066E-02
  0.27894980     -0.33434772      1.63438376E-02  6.96458016E-03
  0.13469645     -0.46014982     -0.98728037     -9.27389041E-03
 -0.60506731     -6.96448907E-02  3.63992527E-02 -8.69138911E-02
 -0.64971054      0.25331867     -0.18402718     -0.10858072    
  0.37547517     -0.25505540     -0.39560851     -2.04938697E-05
 -0.21413124     -0.26532671     -0.32161883     -1.64590571E-02
  0.22311400      0.25675949     -0.67679363     -8.26584827E-03
 -1.70880579E-03 -9.24050361E-02 -3.10931206E-02 -2.75052171E-02
  0.63317865     -0.53533411     -0.13571091      1.45239979E-02
  0.59871155      0.16570835      0.11529372     -1.89557718E-03
 -0.35217065     -0.71563828      0.67618984     -8.81592184E-03
 -0.22874278     -0.52282774     -9.84864682E-02  8.75730813E-03
 -7.10790381E-02 -0.22177660      6.33555874E-02  9.35513340E-03
 -7.21073598E-02  0.22081219      0.25813073     -1.28930416E-02
 -0.27979168      7.46150240E-02 -0.22864240      7.15725496E-02
 -0.30800411      0.20067009      -1.2261778      2.13982370E-02
  0.34405839     -0.86968434     -0.47450569      0.13735770    
 -3.33120823E-02  0.58962524      0.24550112      0.15001859    
 -0.76696175      6.98490813E-02  5.19217663E-02 -5.23778312E-02
  9.88219306E-02  0.11440700      0.18276395     -9.12530441E-03
  0.22778703     -0.57348925       1.2705432      0.16184740    
  4.79985215E-02 -6.34282306E-02  0.43117717      2.66863927E-02
 -0.50895768      0.33172199       1.0757047      3.28931138E-02
 -4.19474207E-03 -0.71503663      0.26648465      5.85188065E-03
  0.79433072       1.1180258     -0.30668142      7.78808221E-02
 -7.69436434E-02 -0.10691447     -0.17072606     -3.55152041E-03
 -0.62277859     -0.59667557     -3.80051136E-02 -1.83099112E-03
  0.42792177     -0.18204992     -8.10265392E-02  5.31034544E-02
 -0.13013391      0.41426453      0.26066849      5.08740470E-02
 -0.45686629     -0.82309389     -7.21625909E-02 -4.36575850E-03
 -0.25071305      0.27527013     -0.75889313      3.31872255E-02
 -0.25088802     -0.70597541     -7.27295503E-02  1.15240384E-02
  0.20546506      0.28674465      0.27307603      3.44764329E-02
 -0.28607678      3.10903378E-02  -1.1290948     -3.11046429E-02
  0.60166603     -0.26771647     -0.81651610      5.71605517E-03
 -0.31333083      4.58116457E-02  0.54312366      2.93654352E-02
  0.13445871      4.38296497E-02   1.1947939      5.60425743E-02
  0.33364928      5.89500517E-02  0.64164031      4.36707959E-02
  0.69938350     -0.28661153      0.71239990      1.34557718E-04
  0.69234741     -0.16627139      0.63142264      6.95025409E-03
  0.94682533     -0.17528194      0.32253340     -2.09769513E-02
  0.28425947      0.76798028     -0.10580952     -1.07284426E-03
  0.85837913      0.19953030      0.71912140      7.45676309E-02
  0.60569894      0.35236606      0.50739372      6.46815002E-02
  0.71341616      6.36277720E-02  0.43100855      3.32497731E-02
  0.45738637      0.62017179      0.47882739      4.20862660E-02
 -0.13446203      0.28628862       1.2135390      0.13232456    
  0.70642811     -0.30207300      0.72861582      3.90481204E-04
  0.71886194      0.66427231      0.98765433      8.91130194E-02
  2.16196012E-02  5.28665027E-03  0.17375964      1.45015828E-02
  0.35649726      7.16813356E-02  0.50545043      1.74803641E-02
  0.71661693     -0.33297107      0.67703301      7.08159991E-03
  0.90772796     -0.13514912      0.38100335     -7.76322791E-03
   1.0334289      0.31189495      0.45151106      9.28572640E-02
 -6.64253011E-02  0.35565472     -1.54630244E-02  3.73805165E-02
  0.32328686     -0.38409138     -0.59951633     -3.02572288E-02
 -0.22474672      0.12895525     -0.43054825      4.19682004E-02
  0.16444854      5.25316112E-02  4.62428592E-02  1.40449416E-03
  0.13546307     -0.12292466      6.30643889E-02  4.64677252E-02
 -6.02118634E-02  0.28263721      0.67903352      8.48563239E-02
  0.32322195      0.73021770      -1.2145478      1.25479437E-02
  0.33686385      0.29149565     -7.45442212E-02  2.40183342E-02
 -6.99377386E-03  0.19791873     -1.96514763E-02  1.42394761E-02
 -0.37491098      0.21876775     -7.99457431E-02  3.32712419E-02
 -0.24005291      0.21776627     -6.10956252E-02  7.58885220E-02
 -4.25324515E-02  0.37376398     -0.10707736      3.45893614E-02
  0.26945764      0.27328837     -9.75262746E-02 -7.36016175E-03
 -0.23983587      0.10337629     -0.58603364     -1.34532489E-02
  6.15976714E-02 -0.31607014     -0.15616542      1.12623964E-02
 -0.51754433      0.41178125      0.81695664      9.59106535E-02
  0.32827377      0.58753031      0.18007177      4.75348309E-02
  6.14611320E-02 -0.13454103     -1.80432107E-02 -4.64840047E-03
  3.76696475E-02 -0.13046110      0.26038420      3.13488953E-02
 -0.69734228      5.38960518E-03 -5.89886159E-02  5.03036100E-03
 -9.84881595E-02 -0.21150281      0.38140926      5.59169352E-02
  0.53653044      -1.2734964     -0.64468962     -4.78337705E-02
 -0.29511827      0.19284892      0.23163623      5.59068955E-02
  -1.5963513      -1.0050688      0.16988443      9.05763283E-02
 -0.59077042      6.60598427E-02 -0.16718024      2.45778039E-02
 -4.47836891E-02  0.25177449      0.20930000      5.09884804E-02
  0.12382331      0.37643909      0.47255734      4.98741418E-02
  6.96451887E-02  0.85042465      0.49682283      3.35329324E-02
 -4.82478179E-02 -0.36210802      0.22989535     -4.33516642E-03
 -0.58724648      0.40888757     -0.41705233     -6.85036406E-02
  0.32949603     -0.43024838     -0.61132187     -8.26301277E-02
  0.11308396     -0.35978231     -5.91525324E-02  7.92567898E-03
 -0.25048491     -0.29501724     -0.79423833      4.68866155E-03
 -3.50214876E-02  0.46762091      0.25244233     -5.18748444E-03
 -0.28647524      0.50227946      0.48176309      2.65246481E-02
  1.59320123E-02 -9.56791937E-02  0.22917672     -0.10438933    
 -0.64865255      0.51048118     -0.11159720      7.54957795E-02
 -4.94450927E-02 -0.28823566     -2.25820560E-02 -1.12159718E-02
 -0.46492115     -6.88167140E-02  0.65616953      4.53170855E-03
  0.53088266     -0.85656518     -0.23968220     -0.16471209    
  0.58369917      8.56336877E-02 -0.16279216     -1.20537756E-02
 -0.10742951     -7.64084831E-02 -0.42821050      3.01727504E-02
 -0.45539865      0.12072200      0.21826255     -3.72160552E-03
 -0.68417811     -8.55598748E-02 -6.78589642E-02  5.14895394E-02
 -0.30354482      3.51484418E-02 -0.30339342      2.44237818E-02
 -0.14635795     -0.10301428      0.28514618     -1.09410454E-02
 -0.52614343      7.37782917E-04 -0.10623208      3.14592719E-02
 -0.46137899      0.56726623     -0.45391741      1.36006195E-02
  0.66503215     -2.36410201E-02  6.32783175E-02 -3.61742489E-02
  0.19249618     -0.23825130     -0.57077652      3.38882618E-02
  0.18978265     -6.06791042E-02 -0.40675330      6.40146658E-02
  0.18188316      0.53079516     -0.28961807     -1.41413175E-02
  0.28960821      0.75621247     -0.70415550     -4.80661504E-02
  0.37387437      0.41262141     -0.22821465     -3.17717753E-02
  0.12121677      0.55187529     -0.11131572      1.83522925E-02
 -0.31910488     -0.19942226      0.31329679     -1.27186580E-02
  0.68871737     -8.58154446E-02  0.47662348     -0.17736624    
  0.56176937     -1.05087925E-02  0.92227912     -0.14842045    
  0.39849257      0.65460843     -0.29475531     -8.10484216E-02
 -0.59698123      0.45970228      0.30665535      6.87617511E-02
  0.64580905     -0.21691005     -0.16527981     -0.10577329    
  0.62353951     -0.29221129      0.95052284      7.14692250E-02
 -0.46314868      2.61345357E-02 -0.28694859     -9.83035192E-03
 -0.45506579       1.3526986      0.50314182      4.84712422E-02
 -0.45809036       1.6437988      0.74990773      6.21820614E-02
 -0.40930286      0.37840489      1.75851695E-02  9.68064815E-02
 -1.80266295E-02 -7.83935131E-04 -0.28861868     -1.48927476E-02
 -0.48819542      -1.1373918     -0.14753257     -0.12872820    
 -0.48527089     -0.22993234      0.46331924      9.36235860E-02
 -0.47635368     -0.10495335      0.14049402      8.55802968E-02
  7.35540316E-03 -0.14123228     -0.14837104      3.01405843E-02
 -0.22672698     -0.32903516     -0.12469412      5.70067652E-02
 -0.64341319     -0.24967422     -0.52666557      7.18285069E-02
 -0.15722056       2.0864282      0.34532678      6.22135960E-02
 -0.68131024     -0.47168025      2.43479619E-03  5.85423149E-02
 -7.81807974E-02 -0.69221330     -0.10409497     -5.14568854E-03
 -0.49417973     -0.13496646     -9.92740095E-02  2.33089738E-02
 -0.26600921     -0.28619567     -0.33336177      4.38264646E-02
  0.27931884      4.55839373E-02 -0.40809613      1.92354321E-02
  0.27657875     -4.48387675E-02 -0.33208990      3.44979130E-02
  0.40181184     -7.61627406E-02 -0.45787090      3.27232219E-02
  0.86597818      3.06280591E-02 -0.52040178     -2.25670822E-02
  0.56914830     -0.23341367     -0.25263643      1.00804456E-02
  0.32969418      3.77652869E-02 -0.27995762      2.66943760E-02
  0.54488933     -0.16736923     -0.27873662      8.55610892E-03
  0.75893933     -5.26844561E-02 -0.27213502      1.86248738E-02
  0.41795397      7.82050416E-02 -0.35994449      1.80335138E-02
  0.65517777      2.93425899E-02 -0.38675436      1.12777334E-02
  0.59319001     -0.11237101     -0.16090047      3.14278156E-02
  3.11399382E-02  0.15574136     -0.95751697     -7.80373514E-02
  0.46147212     -0.24680914      0.42311695      9.57831815E-02
  0.39526683      9.99198183E-02 -0.10767595      5.19878678E-02
  0.20774122     -0.48279735      0.21224652      0.10356452    
   1.2206967     -4.89682518E-02 -2.11327113E-02  0.11010596    
 -0.46303955     -0.41290969      0.37162662     -2.63474341E-02
 -0.80140501      0.37066263      4.88020442E-02 -6.66345581E-02
 -8.16351175E-02 -0.10388903       1.1075321      1.83328195E-03
  0.10239629     -0.51885098      7.15801641E-02 -9.60000232E-02
 -0.50949687     -8.98403376E-02  0.55076522      2.55554747E-02
 -0.12929767     -0.23105976      2.79466566E-02  6.78146258E-02
  0.40865451      0.48756754      0.37948188      7.21681714E-02
  0.24259418      0.12681504     -0.21992010      4.39499356E-02
 -0.24951668      5.05213030E-02   1.0451646      3.32426801E-02
  0.45099947     -0.33069873      0.74971163      4.12205532E-02
 -0.11348556     -0.38640237     -1.80470161E-02  2.65410636E-03
  0.30140641     -0.67790246     -0.20470299     -1.49659142E-02
  0.16845593     -0.77670842     -0.57796931     -4.27939110E-02
 -0.11305752     -0.32404277      0.29725638     -1.75176654E-03
  4.53237146E-02 -0.32245958      2.43700538E-02  7.29114842E-03
   1.1313301     -0.54588711      0.83066040     -6.66276067E-02
 -0.39450863     -0.34540623      0.31499109      1.69061795E-02
 -5.78486696E-02 -6.62925616E-02  1.05206855E-02 -5.41594960E-02
 -2.50456594E-02  0.26473105     -0.23530264      4.31220122E-02
 -4.73739617E-02  3.83078605E-02  0.38871306     -2.47598644E-02
 -0.50672287      0.11100719     -9.65276733E-02  2.56224442E-02
  0.13888663      0.26996970      0.24669157      2.24087364E-03
 -0.60496223     -0.53903866     -0.18125829     -3.95380519E-02
 -6.60193041E-02  4.70444448E-02  0.24358889     -2.57164706E-02
  -1.3925539     -0.19131045     -0.43862170      0.18060556    
  -1.1382545      0.22677550      0.19336687      2.56259404E-02
  -1.3777399      0.47161809      0.78373736      6.00880794E-02
 -0.10379685      0.45700407      4.83293226E-03  1.32921813E-02
 -0.17976934      5.88567518E-02  0.44869441     -2.23922506E-02
  0.89753777      0.31388611      0.13995412     -5.34071121E-03
  0.73235166      9.59784314E-02  0.45646468     -4.77023385E-02
 -0.64407033     -0.18649071      5.30163534E-02  8.00296962E-02
 -0.45143533     -1.12950336E-04 -0.73751664      1.45387212E-02
   1.5883777      -1.0749254     -0.40838996      2.90520606E-03
  0.17171322     -0.22711389     -0.10038514     -9.84885730E-03
  0.25752971      0.33784842      0.60076356     -4.23180982E-02
   1.1368661     -0.24455073     -0.12585872     -7.63332762E-04
  0.21865654      0.16358745     -7.23072514E-03 -4.65783514E-02
 -0.78578836      0.38799202      -1.0290874      1.93841085E-02
  0.16577891     -0.75856417     -2.71692704E-02 -4.33601663E-02
 -0.42868236     -0.41803455      0.24473934     -5.61340293E-03
 -0.33711544      0.90766609       1.2610345     -0.26349023    
 -2.38097515E-02  4.48980629E-02 -0.10034823     -0.10814263    
  0.11226552      0.84292221      0.26234192     -8.45424533E-02
  0.40067136      0.41787252      0.27258462     -3.29442583E-02
 -0.28798255     -0.54149657      3.75363715E-02 -2.56418381E-02
  0.53728068      0.52028626      0.50143939      1.32670235E-02
 -0.73422217      0.70751762      5.52266240E-02 -0.19954300    
  0.11759535     -0.20748258      2.31780037E-02  1.43309543E-02
 -8.27120095E-02  0.35370004      9.80433598E-02  3.47143225E-02
  0.67158484      0.12500033      0.21788798      3.84409796E-03
  -1.0491445     -0.17032443     -0.66955817      5.71809113E-02
  0.23468539      0.34164464     -8.12567398E-02  1.73651315E-02
  0.14156760     -0.50153422      0.56307131     -5.05891964E-02
 -4.79925331E-03 -2.37898398E-02 -0.43529338     -1.09148296E-02
 -8.05531889E-02 -8.16594064E-02 -8.29989314E-02 -5.10450359E-03
 -0.22825809     -0.44654557     -0.38666263     -2.09015068E-02
  0.50112993     -0.37888065      0.18150930     -8.95510335E-03
 -0.51761395     -0.10279918      0.30435428      1.71188731E-02
 -3.65207493E-02 -0.66320336      0.21930858      3.79890203E-02
 -0.68677968      0.19395438      0.53489578      1.01383040E-02
 -0.81070054     -0.62991440     -1.68967154E-02  7.02119395E-02
  4.71381806E-02 -0.79676068     -0.32403007     -1.14832092E-02
 -4.28830869E-02 -9.18287560E-02 -0.42324710     -1.79180540E-02
 -4.85143848E-02 -0.37007400     -0.54266071     -8.57488718E-03
  0.31678283     -0.57915032     -0.53375512     -9.80701996E-04
  0.50728309     -8.92591700E-02 -0.60322720      5.82845509E-03
  0.10145037      -1.3206553      0.66977948      0.11023130    
 -0.46788940     -0.21723640      0.80080956      9.39129665E-02
 -4.19052690E-02 -0.10739186     -0.17804895      3.23974825E-02
  0.31511450     -2.24427208E-02 -0.21344754      2.90313438E-02
  0.20790675     -0.23455641     -0.34966666      4.23388090E-03
 -0.42310426     -0.72949898      2.60782689E-02  4.65200506E-02
  0.12684631     -0.25264007     -0.27047014     -1.70651749E-02
 -5.00256941E-02 -0.75006866     -0.28885019      5.60488785E-03
  0.13137853      3.27779874E-02 -2.27102377E-02  2.55613141E-02
  0.25474569     -0.40633047     -0.43075359     -9.86145996E-03
  0.28471404     -0.46087077     -0.68479419     -3.03894412E-02
  0.10340547     -0.52776527     -0.74831474     -1.63813420E-02
 -1.16471304E-02 -1.66324917E-02 -0.26120052     -7.33518228E-03
  0.10161050     -0.62086165     -0.24339153     -0.11406952    
 -0.21211022     -0.76422524     -0.27260351     -0.14836207    
  0.22537290     -0.36018065     -0.25696263      1.17837945E-02
 -3.17349136E-02 -4.73994911E-02 -0.14024916     -9.16217268E-02
 -0.72479743     -0.35320032     -0.14822353     -3.30556631E-02
 -0.17208853     -0.33650184      0.23015048     -6.69985637E-02
 -0.23549898     -0.55953252      0.13538891     -2.49702726E-02
 -0.36658964     -0.46047097      0.34061578     -2.00533681E-02
 -0.13114329     -0.38171205      0.66758907      6.01439923E-02
 -0.20037717     -0.10923049     -0.68112659      3.27375196E-02
 -0.21188600     -9.07550231E-02 -0.62378681      4.68927920E-02
 -0.25409126     -0.12359801     -0.64003259      5.17455786E-02
 -0.13444096      0.11469090      9.61640999E-02  4.41399170E-03
  0.12901103     -0.16275325     -0.39250070      2.32835151E-02
 -7.99751375E-03 -0.48288974     -0.44023138      1.84454154E-02
 -2.39641741E-02 -0.30732253     -0.53876024     -7.75699690E-03
 -1.56463850E-02 -0.40891626     -0.27858397      3.38180661E-02
  0.15711381     -0.30793193     -0.42195809     -6.60399441E-03
  3.95329818E-02 -0.54881614     -0.40283960      3.37420143E-02
  4.71830415E-03 -0.35091329     -0.42671096      2.57332772E-02
  0.33663800      0.21596481     -0.62081593     -1.95298679E-02
 -0.13140534     -0.56714249     -0.46128109     -2.62312312E-02
 -0.19165818     -0.17767394      4.48515601E-02  4.31501865E-03
  0.41323236      0.63747716      0.55290765     -6.50835037E-02
 -0.28051355     -0.93813741     -0.19660097     -7.24643050E-03
  0.24155948     -0.24302830      0.95174992      3.46528664E-02
  0.40271017      0.47642639      0.49459064      2.38808766E-02
 -0.38325229      1.35849509E-02  1.84978172E-02  1.75739080E-02
  0.77584481     -0.37400311      0.27861160      2.66571194E-02
 -0.71670794      0.19829856      0.47437212     -9.14628580E-02
  0.29551870     -0.44397023      0.36630246      1.92825757E-02
  0.50879985     -0.67677104      0.65852326      3.07871774E-02
 -0.19113882      0.23466536      0.25581896      5.96849546E-02
  0.47352204     -0.68513727      0.29783803      1.96454935E-02
 -0.55159104      0.60707819     -0.58255821     -0.20807579    
  0.19863090     -0.45619762      0.53920192      6.26656562E-02
 -0.27068684      7.65837878E-02  0.20765546     -0.10211731    
 -0.12287523     -3.96233797E-02  0.21926147     -1.42820720E-02
  -1.3109853     -0.99887401       1.1756870      0.33022207    
  0.10685302     -3.81923653E-03 -0.19985792     -8.38024616E-02
 -0.23073728      0.36008814     -2.58835107E-02 -1.34065254E-02
  0.28235137      0.44974208       1.0278484      4.58166376E-02
  0.54688448     -0.56480187     -0.66064548     -4.02827822E-02
  0.51993626     -0.45393530     -0.43564743     -2.59488951E-02
 -0.30471653      0.69690216      0.37906414     -0.11967963    
 -0.18407138     -0.34212711       1.2081200      9.17450562E-02
 -0.20010681     -0.47248676      0.11328430      2.79970877E-02
  0.20415102     -0.24608548     -0.37657404     -1.38189560E-02
 -0.41205850     -0.49248934     -0.28355369     -3.26351039E-02
 -0.25121361     -1.16814580E-02  0.27244332      1.32433337E-03
  0.14933702     -0.67965370     -0.62319285     -4.46212515E-02
  3.59992273E-02 -0.63413948      0.90400010      1.43121360E-02
 -0.11671343     -0.18160328      0.81400216      6.55309483E-02
  0.18567197      0.20653062      0.93471205     -6.70696944E-02
 -0.78872824     -0.98420566      0.55336553      0.18752617    
  0.41190827     -4.15632268E-03  0.59454226      5.70612587E-02
  0.50097501     -0.53815138     -7.17223212E-02 -4.23430800E-02
  0.12418579     -2.75256224E-02  0.39555734      1.14215752E-02
 -7.20242485E-02  0.65815794     -0.28209111     -8.43844786E-02
 -5.62294386E-02  0.56229556      0.12802379     -3.69644398E-03
  0.10775156     -0.45840970      2.01623794E-02 -3.27253863E-02
  0.27916121     -0.29530883      0.41820529      5.12811355E-02
  0.14497767      9.41846445E-02 -0.26524445     -6.68285787E-02
  -1.0128930     -0.53354698      0.81291676      7.20574558E-02
 -0.82819891     -0.58161366       1.0854301      0.10922144    
 -0.47503042      7.53267929E-02  0.69118571     -6.93865702E-04
 -0.27285331     -3.13938223E-02 -1.62476115E-02  6.15056977E-03
 -0.10794029      5.41295484E-02  0.12279403      1.28271468E-02
 -0.51658350      0.74206918      0.32721171      0.10986266    
 -9.56238359E-02 -0.15854247      0.70444816      3.64195812E-03
 -9.93003398E-02 -0.28610390      0.13480043      5.91285853E-03
   1.0249876     -0.63318378     -0.30389410     -3.75508778E-02
 -0.65596497     -0.25976032      0.13623284     -1.57061461E-02
  0.34621307     -0.26374355     -0.20478158     -6.23776019E-03
 -0.13442802     -0.30654603      0.27634802     -5.64669445E-03
 -9.37882736E-02 -0.32315198      0.28603101     -1.71463247E-02
  0.15368976     -0.56577241     -2.01318949E-03 -9.82491579E-03
  0.36700591     -0.86609930      0.11990204     -4.13841661E-03
  0.31933674      9.63293165E-02  0.21458258     -1.17889484E-02
  0.30019912     -0.39592749      0.22429444      2.36299410E-02
  0.48811746     -0.95564842      -1.4066085      2.67427340E-02
 -1.86002832E-02 -0.85284805      0.52651083      5.78790605E-02
  0.30812183     -0.54218447      0.52159095     -1.86698101E-02
 -0.50801468     -0.82846051      0.55591303      6.80948272E-02
  0.50118136     -0.81228834     -0.46227142     -3.20498422E-02
  0.31900501     -0.31972870     -0.68671870     -0.10038110    
  0.36728537     -0.62797457     -0.36842498     -3.23349461E-02
  0.14007027     -0.73882645      0.59332877     -2.72300113E-02
 -0.78955847     -7.21371397E-02  0.53232092     -9.36335325E-03
 -0.15932725     -0.78666192      0.98979580      5.31319231E-02
  4.89838757E-02  0.15910274     -0.67920882     -1.28606139E-02
 -4.04264294E-02  0.15801287      6.92144483E-02  2.01601405E-02
  0.17708515     -0.34867141      0.26615301     -5.72825409E-02
  0.47929233     -0.45097977     -0.94678694     -4.01307456E-02
  0.10049558     -0.28160840     -3.68380770E-02 -2.90722325E-02
  0.18377554      0.68934208      0.17145601      2.26623453E-02
  0.72735035     -0.40154997     -0.37901127      0.11795049    
 -0.22603607     -0.95512891       1.2635587      0.11301176    
 -1.69090629E-02 -0.87173927     -0.30410784      0.11182941    
 -0.26822531      0.29461855      0.81794095     -0.11760608    
  0.25045267      0.16306981      6.76489621E-02 -6.55842107E-03
 -0.44377753      4.08957601E-02 -2.60182396E-02  3.70857157E-02
 -0.18114723     -0.11005437     -0.16813371     -0.10182643    
 -0.33747628     -0.30837134      0.63859028     -3.41011435E-02
 -5.71839996E-02 -0.96986377      0.13251576     -4.54538800E-02
 -5.06359115E-02  6.81672990E-02  0.42164412      5.19021228E-03
 -2.92440113E-02 -6.48401454E-02  0.39231718      5.17310947E-03
 -0.44907486     -2.24392284E-02 -0.22348911      4.67087105E-02
  0.88604003     -0.15668060      0.25972348      2.12735776E-02
 -0.43568796     -0.24683836     -0.39981303      4.86517251E-02
  0.13313057     -0.16761227     -0.16801524     -2.81255320E-02
  0.28260130      0.24012989      0.58430886      1.12763271E-02
  0.34032443     -0.83321649     -0.55543375     -5.44492379E-02
 -0.23083931      0.30176556      0.29292890      5.15266135E-02
  0.53247184      0.47995523      -1.1015377      0.10007114    
  0.28686869      0.51209986      0.62467492     -1.25847978E-03
 -0.10144848     -0.53512806      0.62467307      3.06934444E-03
   1.0168926      4.23754007E-02  0.10771815      2.36965157E-02
   1.1511742      9.04783159E-02 -0.76347363      0.16650683    
  0.38685662      0.12262994      0.91772610      3.57839242E-02
 -0.46397156      0.72120291     -0.56808090     -0.15116882    
  0.94045711     -0.19822130      0.85378236      3.78973670E-02
  0.52057284      0.10837196     -0.21736369      5.48618063E-02
  4.04073596E-02 -4.41382360E-03 -1.23704709E-02  3.08475271E-02
 -0.13623106      0.17259333     -0.42394373      4.40210700E-02
  0.35563773      5.59297763E-02  0.27885839      7.05156699E-02
 -0.76523703     -3.28458920E-02 -0.11027762      5.78975305E-02
 -0.22610947      0.23286374     -0.70845318      2.19822265E-02
 -0.21049809      0.23332155     -0.79461098      1.96455307E-02
  0.67069352     -7.22130388E-02 -0.57277983     -8.45879391E-02
  0.43483889     -0.84058791      3.67152654E-02 -5.67272864E-02
  0.39556000     -0.61974674     -0.26896089     -3.83727364E-02
 -0.12049503     -0.74976379      0.27854055     -1.48296570E-02
  0.36032483     -0.37142575      0.29059583     -1.14596691E-02
 -0.33683962     -8.20013657E-02 -7.17594475E-02  4.82780002E-02
  0.38368866      6.35777414E-02  0.12558964      5.78918830E-02
  0.33526346     -1.76823512E-03  0.21667187      7.97111392E-02
  0.23082688     -2.46358067E-02 -7.70579278E-02  1.36264730E-02
 -5.56268618E-02 -0.13622859     -0.78547585     -2.47310363E-02
 -6.07975125E-02 -0.56176180     -0.37622094     -0.11577879    
  8.10579583E-03 -0.13608691      7.44672045E-02  3.47446539E-02
 -0.38312072      6.08820766E-02 -0.39238542      3.39330211E-02
  0.14130704     -0.65963447      8.13744515E-02  2.46326402E-02
  0.14748815     -0.22690526      0.48895797      6.42826408E-02
 -8.47901404E-02 -0.18556337     -0.29822227      1.41992792E-02
  2.77881417E-02 -0.28826985      0.21787952     -4.75569349E-03
  0.11943378      0.12962754     -3.24614532E-02 -6.00107238E-02
 -7.83805475E-02  0.11997838      6.18305653E-02 -7.82196596E-03
 -0.21719405      0.38622203     -3.12904920E-03  1.37056867E-02
  0.31705791     -0.35411072      0.13585040      6.37241546E-03
 -0.67183363      5.40201776E-02 -0.33311403     -1.80713013E-02
 -0.13885112      0.35257894     -0.86818564      2.06493884E-02
 -0.14083678      0.26099387     -0.57627970      3.66698951E-02
 -0.16337004      0.24115145     -0.52776456      3.96024808E-02
 -1.78220570E-02  0.28017610     -0.41695902      8.08014497E-02
  0.25105920     -5.35350926E-02 -0.12251095     -4.89644110E-02
 -9.34643373E-02  8.37980770E-05  0.62848544     -3.89709286E-02
 -0.36359039     -0.15281370      0.15915301      3.07591911E-02
  7.86749050E-02  0.37352866     -0.64521742     -7.06281960E-02
 -0.47559786     -0.39374453     -8.83419067E-03  7.87933730E-03
  0.49492791     -0.59768385     -0.16145918     -2.58275270E-02
 -0.57091975     -0.35801020     -0.34385902     -2.21961290E-02
  0.57274133     -0.23499168     -2.74637062E-02  1.97809245E-02
 -0.18640772      7.56167397E-02  0.25269589     -1.54993767E-02
  0.66652238      0.43994382      0.27758309      0.11045894    
 -9.33444649E-02 -0.64999413      0.24679628     -6.92371204E-02
  2.71947980E-02  0.20313112     -3.24355550E-02 -5.04022315E-02
 -0.92939138     -0.20181133      2.75226496E-02 -3.18137929E-02
 -0.27077979     -0.48553145     -0.10446572     -4.13800823E-03
  -1.0126812     -0.32271901      0.26360080     -2.99527636E-03
  0.78619230      4.19363528E-02   1.1614324      5.95716573E-02
  6.52725622E-02 -8.57708901E-02  0.21426506     -1.43675366E-04
  0.34374043     -8.96599963E-02  8.33175480E-02 -1.48736611E-02
  0.37171328     -0.57927608      0.75961387      7.30410311E-03
  0.31452808     -0.13187093      0.78898984      2.08203830E-02
  0.25215876     -0.59257126      0.67278993      2.22851220E-03
 -0.44159082      3.93370278E-02  0.29765689      6.52346294E-03
 -0.49492297     -4.52304371E-02  0.39612982      1.80467800E-03
 -0.70001793      0.37190345      0.40306342      2.06859000E-02
  8.30561146E-02  0.23687777     -3.45315877E-03 -1.89163908E-02
 -0.82164323      9.12476331E-02  0.24779136     -5.85033000E-03
  -1.2095691     -0.36105320      0.75901133      7.54515678E-02
 -0.47951320     -0.25977045      0.67590529      6.37715906E-02
 -0.32135525     -0.27818415      0.51705098     -1.62670203E-02
 -0.26925185     -0.22131155      0.30794790     -6.70642853E-02
 -0.22357246     -0.72940809      0.50169152      3.29534486E-02
  0.44084883     -0.41713613      0.32552922      3.22097912E-02
  8.25904831E-02  0.68797517      0.41015708      6.09047059E-03
 -0.26761469     -0.13792138      0.19063230     -7.39054382E-02
 -0.37205043      0.47891825      0.22776079     -5.16350754E-03
  0.12405768      0.12926343      0.91475368     -5.82821704E-02
  0.57406574      -1.3221068      0.44836017      4.71662767E-02
  0.59356028     -0.30780584      0.72383231      7.04465434E-04
  0.14415345      9.33463350E-02  0.16618167      3.20923217E-02
  0.21753836     -0.41748440      0.35130459     -1.83823612E-02
 -0.86601138     -0.50551778      0.78262073      0.21477820    
 -0.41655770      0.36012512     -0.16853535      3.11813056E-02
  0.33843222     -1.84160862E-02  0.28331110     -2.50085779E-02
  0.18043020     -0.13300841     -0.30648702     -2.46132519E-02
 -0.27927250      0.11824257     -7.88101554E-02  3.02570388E-02
  8.79481211E-02  2.40479726E-02  0.31514046     -5.25654443E-02
 -0.49638969      0.15139037     -8.82169791E-03 -0.14406966    
 -0.41161454      5.96204884E-02  0.24437512     -4.18570228E-02
  0.43123230     -0.20376261     -8.95767361E-02  3.11817918E-02
 -9.25854146E-02 -0.26036850      0.27920213      4.72758198E-03
 -0.51629180      0.17430165     -9.42333862E-02 -0.11592576    
  0.14543127     -0.21928030      7.86799863E-02  4.09312844E-02
  9.78243276E-02 -0.32851446      1.74323842E-02 -5.20383753E-03
  0.11346194      0.44313747      0.97771758      0.10902325    
 -0.45565036     -0.51832247     -0.97465944     -6.54214621E-02
 -0.16542827     -0.24244632     -0.17364947     -1.70425791E-02
  0.11110546     -0.32460588      9.84824374E-02  4.69868481E-02
 -0.48013905      0.14723143      0.12763599     -0.11814502    
  0.51102453      0.40298524      9.75026563E-02 -2.79848706E-02
  -1.1593139      0.78874379     -0.76465529     -0.19184373    
  0.49480718      0.37416789     -0.92226416      3.66109163E-02
 -0.85749191      0.40291116      7.46116415E-02 -0.11290708    
  0.62752789     -0.53820127      0.78628218      7.03325197E-02
  0.65259612     -9.40119773E-02  0.69931978     -2.45920871E-03
  0.38690048     -6.30326122E-02 -0.42750987     -2.29512481E-03
 -0.79256028      0.65769696      0.70280123     -0.16405270    
  0.19800155      0.48966891      0.31243980     -2.87034363E-02
 -0.38371900     -0.10614177     -0.24871862      2.08710842E-02
  9.83523503E-02  0.11037695      1.54741295E-02  3.36461421E-03
  0.56146282       1.6579622       1.7239044      7.40251467E-02
 -0.11244030      1.58542544E-02  6.33083284E-02 -2.53640227E-02
 -3.89503650E-02  0.28698820     -0.19648965     -7.62791857E-02
  0.80635762      6.84671253E-02  0.22020967     -1.07764099E-02
  0.13701011     -0.39296451     -0.63076955     -2.44244728E-02
 -0.68844229      0.61048716     -0.36687741     -4.14557606E-02
 -0.38768053      1.65593736E-02  0.56908280      2.92859189E-02
 -0.51257217       1.0588868     -0.27505445     -5.97508289E-02
 -0.74016935     -0.11503669      0.72711241     -3.87113057E-02
 -0.45433369      0.13722542      -1.1513388     -0.17116435    
  0.43351176      0.16702834      0.52598286     -1.67617910E-02
 -3.86657529E-02 -0.10030653      0.37474963     -1.19117450E-03
  0.12456810     -0.77466655      0.15699528      3.07080485E-02
 -0.25383723      0.11390178     -9.48224664E-02  4.68690880E-04
 -0.35198909     -0.26540935      -1.5271063      9.79873091E-02
  0.55423641     -0.68701601      0.98872435      0.13888954    
 -0.23691380     -5.13027459E-02  0.55529797     -3.05973049E-02
  7.63604119E-02  0.16780521      0.19980693     -7.98809007E-02
  0.20951620      0.17266019      0.91511226     -1.46945994E-02
 -0.43821302     -6.13341630E-02  9.20486823E-02 -0.10645349    
  0.11210807     -7.77696967E-02 -0.18839268     -4.62469412E-04
  2.36008856E-02  8.63149911E-02  2.78451759E-02 -6.97677583E-02
  0.39063585      0.11105803      0.25622892     -8.83179232E-02
 -0.74133629      1.60477646E-02  0.28514305     -2.68111471E-03
 -0.69697374      9.33946520E-02  0.42085749      1.29895722E-02
  0.32822499     -0.78412616      0.23172033      1.05248131E-02
 -2.99131591E-02 -0.26592466      0.42849779     -5.07992283E-02
 -9.89485253E-03 -0.38273975     -0.39431527     -9.61934924E-02
 -0.12238745      1.77657865E-02  0.42197689     -0.10280239    
  0.30670056      0.25160286      0.41418445      2.41343360E-02
  9.30471197E-02 -8.85770991E-02  0.14938997     -7.15287914E-03
 -8.06077719E-02  0.16565996     -0.14723848      2.84356344E-02
   1.0384877     -0.44758612     -0.40405947      0.16752771    
 -0.11906824     -0.11588538      0.25345850     -2.89136358E-02
  3.47709544E-02 -0.51122510      0.15360753     -3.43299285E-02
  0.21339568     -0.23680677      0.19341335     -1.23563064E-02
  0.23099941     -0.44453070     -0.84662461      1.67738069E-02
 -0.27972052     -0.26110616     -0.29627356     -6.52210563E-02
  2.05891468E-02 -5.08031547E-02  0.19295201     -1.43174333E-02
  0.98453259     -0.34094864     -0.28632700      9.59690660E-02
 -0.36342034      0.15950498      0.63811582     -2.93952227E-03
 -3.73049937E-02 -0.25372586      0.19615495     -9.93043184E-02
 -7.67102465E-03 -0.24180351     -0.23372403      2.30077747E-02
 -0.13198225     -0.22950554     -0.12613764     -3.88121791E-02
 -8.46510474E-03 -0.30330405      0.48697606      7.00840428E-02
  0.68861127      0.19467111     -0.16229370      1.53223658E-02
  0.52590221     -0.68265629     -0.21177480     -3.03344242E-02
  0.43047372     -0.15096888     -9.33990777E-02  4.07749321E-04
  0.10216457      0.39591894     -0.36812657     -6.31863102E-02
   1.1555891       2.7631247      0.64746368      1.96559317E-02
   3.0833526      -1.6186193       1.5213599     -0.19363835    
 -0.51795357      0.40228277     -0.99180382     -4.45652977E-02
 -0.95127642     -7.89689496E-02 -8.71473774E-02 -1.89375468E-02
 -0.16856779     -0.15172143     -1.33108459E-02 -1.18049339E-03
 -0.31680512     -0.93517923      9.81572717E-02  1.66949462E-02
  7.85311833E-02  -1.3335973     -0.71184927     -7.46879652E-02
  -1.6986518     -0.93835115      -1.3963670     -1.16816452E-02
 -0.35837230       1.9155208      -1.2653899      1.31322620E-02
  0.17548379      0.45795479      0.75982040     -6.60095960E-02
   1.1618500       1.6613710     -0.78600615     -1.12325242E-02
  0.22536285     -0.69758260      0.76701212      8.75824764E-02
  0.32058692      -1.4918747     -0.19280340     -2.68924404E-02
 -0.88663423       1.2420630      0.32814229     -4.45257425E-02
  -2.0126894       2.4856682      0.23723264     -7.37656057E-02
  0.29832199       2.4547744      -1.5313455     -1.33317374E-02
  -1.6530414     -0.45751920     -0.22600557     -5.78754954E-02
  0.52562457      0.43058667      -1.4070268     -0.12196312    
  -2.8443527      0.39779788      -2.1085823      4.33691554E-02
  0.61861205      -1.6840768     -7.03288540E-02  3.58050838E-02
 -4.31057960E-02  0.17877933     -0.31894833     -5.42113483E-02
 -0.48388454     -0.24124506       1.3502977      8.26733336E-02
 -7.07299933E-02 -7.86468461E-02  0.51586723     -2.02146992E-02
  -1.1963183     -0.58381271      -1.0669963     -6.29342496E-02
 -0.15480684      0.38335726      -1.0060865     -6.16099611E-02
