 -0.61992300      0.58047688     -0.64351833      0.16645025    
 -0.41163036      0.89288104      0.11732513      7.85922185E-02
 -0.41995421      0.21223547      0.54597098     -4.01977310E-03
  0.67736369     -0.48028731     -0.57015771     -5.43045998E-02
 -2.01836750E-02  0.51888371     -0.25780895      6.34874701E-02
 -0.22404183     -0.10162733      0.62257284      4.74167913E-02
  0.48335770      0.32374778      6.11914396E-02  6.07634857E-02
 -0.24079034     -8.73039588E-02  0.45055392      4.40126937E-03
 -0.36034164      0.29069856      0.13716148      1.49966115E-02
 -0.86529970     -0.35963786     -0.66209537      5.43519035E-02
  0.38904479      0.59478110      0.81936890      6.81127980E-02
  0.21671468      0.24904637      0.11106752     -3.04863043E-02
  0.12314422      3.15968767E-02  0.16076148      1.22585194E-02
   1.4283813      7.90842250E-02   1.0871350      0.16337341    
 -0.17265654      0.29247546     -0.57242292      2.84973159E-03
 -0.38836500     -0.42359486      -1.6813654     -8.69925544E-02
  0.21934439     -0.16177081     -0.37448275     -2.23491918E-02
 -1.40392780E-03  0.53445715      1.60300769E-02 -1.82840824E-02
  0.88678497     -0.69123191      -1.6385777     -8.30073282E-02
 -0.17866857      0.19278219      0.14337750      2.38152710E-03
 -0.41749021      0.90345502      0.72131526      0.15272251    
  0.12588920     -5.23131117E-02 -7.44481906E-02 -3.01821548E-02
  0.64934409      0.39381477     -7.39385188E-02 -1.41689070E-02
  0.62939388     -0.31620470      1.67169049E-03  1.61375925E-02
 -0.25248131     -0.14044601      0.48599315      3.29353958E-02
  6.17468134E-02  7.57206082E-02  0.11880225     -0.12803346    
 -0.11766734      0.19815175     -0.29454949      1.46660386E-02
  0.29340637      0.14683814      0.23142333     -3.96813117E-02
 -0.29549968     -6.67450652E-02 -5.88848926E-02  2.21735016E-02
  0.38195884     -0.75048393      0.52100784      1.09543018E-02
 -0.45786336     -0.48376808      0.27795652      3.95247750E-02
 -0.99623573       2.6789341     -0.15470257      0.10183930    
  0.84162974     -2.34425291E-02  0.64278859     -1.25505207E-02
  0.37036327      0.76673985      0.34611109     -1.62905362E-02
 -0.36001617     -7.90440291E-02 -0.16102950      4.15715277E-02
 -0.49481949     -0.15285300      0.50806248      5.78948259E-02
  0.29749289     -0.70603275      0.12971584     -1.66771095E-02
  7.68937320E-02  0.63353938     -8.22967738E-02 -3.28230821E-02
 -0.15650830      0.60933566     -0.17921023      3.29798572E-02
 -0.70904356       1.1925087      0.43792269     -3.94880623E-02
 -0.19923091     -0.32452327     -8.59687477E-02  5.79913817E-02
   1.5127029     -0.89749485     -0.56121981     -0.11192015    
  -1.5938585      0.12281522     -2.55534388E-02  3.96321863E-02
 -0.66372567     -0.52406919     -0.64494300      0.10992865    
 -0.12987772       1.4096400      0.97222352      7.14470223E-02
 -0.49396226      3.59650739E-02 -0.15155554      4.62687984E-02
  0.48016632     -0.43113351      0.38409030     -6.29575253E-02
 -0.75265956       1.3012021      9.12259296E-02  0.10269401    
 -0.68868077      0.93053502     -0.88415247     -4.68928069E-02
  0.13112496      0.25451648      0.10006960     -2.68116631E-02
 -8.54603723E-02 -0.76513797      0.10936744      3.72743467E-03
  0.36096275      0.39618430      4.23965715E-02  5.25571629E-02
  0.32362467       1.1453592      0.96451443      4.34343256E-02
 -0.78364450     -0.10099025      0.13675201      5.97915538E-02
  2.20190138E-02  0.65812713     -0.37620312      4.82450835E-02
  0.26041812     -6.87233806E-02  0.49610358      1.09882085E-02
 -0.13204414     -0.10067773      0.51970756      3.41101214E-02
  0.21466553      9.97458845E-02  0.16316575     -1.19092865E-02
  5.01866126E-03  0.66725600     -2.27681585E-02  3.11801862E-02
  5.29181808E-02  0.47866514      0.26801023     -1.78089365E-02
 -8.05754140E-02  8.29698965E-02 -3.17058302E-02  3.66474912E-02
  0.68321395     -0.93241894      0.62550950     -3.91233712E-04
  0.25644705      0.24117061      0.11571056     -3.60713601E-02
  0.69446427      0.40508705       1.2413599      4.22304869E-03
  0.69997895      0.57634652      0.37210980      2.39571417E-03
  0.14899012      -1.2110066     -0.64841300      5.71788773E-02
  0.11751803     -0.60169977     -0.19342676      5.55203483E-02
 -0.22185358     -0.53381950      0.58555239      2.13156287E-02
 -0.68415105      -2.0143180      0.14958125      0.11080085    
 -0.27449489     -0.62298584      0.29279846     -2.67658811E-02
  4.75800671E-02  0.35798311      0.13599984     -1.13057140E-02
  0.24256465     -0.43395257      0.25693321      4.89250012E-02
  0.45015788      0.14784311      0.68341327      1.27442349E-02
 -0.21565790      9.33665410E-02 -6.59077615E-02  3.97631563E-02
 -0.55590689     -0.46376455      3.41433324E-02  6.14888668E-02
 -0.38737395     -0.18143761     -0.28421360      5.67208119E-02
 -0.38792810     -0.41991261      0.28063732      6.87209964E-02
 -0.20079519     -0.55406398      1.13923335E-02  7.28402734E-02
 -0.27701229     -0.84039414     -0.33251157      2.00337283E-02
 -0.20123638     -0.34208697     -0.30367017     -3.24053280E-02
 -0.78819311      4.77862805E-02   1.2072126      3.98708098E-02
 -0.22893804     -0.82599503      0.14121170      5.73810153E-02
 -0.30057648      0.16865459      0.79740232      1.47212530E-02
 -2.93724760E-02 -0.17871501     -0.39131755     -2.72168033E-03
 -0.19673833     -0.20563538     -0.22531168      2.90789604E-02
  0.88589162      0.42798951     -0.15408866      1.97364837E-02
 -0.85222971     -0.89519930      0.72527164      0.12083533    
   1.3905187      0.78738809     -0.55159223      4.65515163E-03
  -1.2759659      0.96744663      0.34610680      4.20138948E-02
 -0.49740282     -0.61954945      0.39556885      1.17948381E-02
  0.34598619     -0.58031136     -0.23948258     -0.13644883    
  4.74356078E-02  0.22359411     -9.25923139E-03 -6.27170578E-02
  0.12709662      0.29421476      3.09506338E-02 -4.28227931E-02
   1.0383868     -0.32250100      0.90745562     -1.80110540E-02
  9.87957641E-02  0.16904309      0.15134189     -3.57366353E-02
 -0.18124722     -0.41479838     -0.19806063     -6.64150924E-04
  0.22196223       1.4323035     -0.86671531      2.88464557E-02
  0.25097728      0.35805142     -5.04866466E-02  4.30855565E-02
 -0.45807090      0.50684828      0.24540487     -5.85924182E-03
  0.92734843      0.67020094      0.75464082      3.65251079E-02
 -0.16003829      0.78954601     -0.28437483      2.58058328E-02
  0.17952076     -0.23258682      0.18602926     -3.58153991E-02
  0.38354021     -4.13561873E-02 -0.31726152      5.16123101E-02
  0.30719629      3.36938873E-02 -0.35927239      6.46955818E-02
  0.48354733      3.78817916E-02 -0.27395761      7.27571845E-02
  0.29553255      5.42045049E-02 -0.32262543      5.54791726E-02
  0.31023157      2.96161883E-02 -0.35020858      6.44629821E-02
  0.29557824      1.76893659E-02 -0.32057130      6.95727021E-02
  0.29566237     -8.37422349E-03 -0.32409346      6.90905750E-02
  0.19080502      0.35432607     -0.28937697      5.79129532E-02
  0.51555550     -0.22899404     -0.32067031      4.53195572E-02
  0.30210713      3.48218270E-02 -0.36512014      6.49510100E-02
  0.53801399      0.59881818      4.75147963E-02  7.51716923E-03
  0.94305617      0.28257248     -0.73305583     -6.85019046E-02
  0.36480781      0.33056822     -0.29838982      3.63989943E-03
  0.67443663      0.11865682      7.64599070E-02  4.63919155E-02
  0.32521600      0.12596519     -0.40263775      4.49491329E-02
  0.67586845     -0.62685961     -0.84045851      2.02659629E-02
  0.47096279      0.19978440     -0.33802521     -2.23536883E-03
  0.61102277      3.12564149E-02 -0.24467434      3.97113189E-02
  0.87427175     -1.75880305E-02 -0.26479298      1.33027276E-02
  0.54014409     -8.21064264E-02 -0.46674207      2.73325127E-02
  0.65463662      7.77600631E-02  0.74634337     -2.78426032E-03
 -3.95764550E-03  0.55941308     -0.32281619      1.72953941E-02
  0.30101487      6.94417655E-02 -0.48690191      4.08660434E-02
  0.47797713      7.04621077E-02  0.13850422      8.18801522E-02
  0.48586953      0.31308329      0.51289958     -1.52616454E-02
  0.40714374     -0.40577611      0.16935459      5.02119660E-02
  2.07727011E-02  4.46874276E-02 -0.10868245      4.19827849E-02
 -0.77431005      0.57947242      0.18775046     -4.08789292E-02
 -0.92621851      0.54533577      0.39025977      9.05230492E-02
 -0.29727688      4.38253693E-02 -4.66621220E-02 -1.78180058E-02
  0.35490325      0.87462080      0.21252011     -3.55219021E-02
  0.13929760      1.32149365E-02  0.26556951     -1.20154191E-02
 -0.64978218      0.21732858     -0.15861906      7.97072873E-02
  9.35231596E-02 -3.81604731E-02 -2.54358836E-02 -2.23207455E-02
  0.15127996     -0.47642040     -0.76846576     -3.27404998E-02
  0.24146469      0.21941033      0.20492311      4.06996049E-02
  0.24154568     -0.15768771      0.24618153     -6.72830502E-03
 -8.36136341E-02 -0.33292159     -0.48847687      8.52712840E-02
  0.92428744      0.32464215      0.59377742     -3.65754887E-02
 -0.32048890      0.58197260     -0.46303049      1.88020039E-02
 -0.35635322     -0.37014496      0.19405280      3.17258760E-02
  0.34933251     -3.17842737E-02  0.15676293      4.47852013E-04
  0.61797702     -0.41609457      0.49140415      5.09299375E-02
  0.15627979     -0.44204280      0.11771571      4.31547426E-02
  0.83375883      0.13103515      0.14408682     -8.32417309E-02
 -0.10883901     -0.12454295     -6.62745833E-02  1.56390630E-02
  0.71895808     -0.61729681     -0.40934518      1.30793191E-02
  0.20132819      1.86063070E-02  0.11058671     -1.56816598E-02
 -0.71431381     -4.67196330E-02 -0.12791893      5.01162559E-02
  0.12508662      0.52540702      0.68232971      1.57646649E-02
 -9.13219079E-02  0.10170155      0.11888051     -5.24525233E-02
 -0.50794202     -0.34242162     -0.43125254      2.36137118E-02
 -0.44139761      0.62961680     -0.34114742      1.37187783E-02
 -0.94579899      0.22231799      0.33607218      7.47801038E-03
 -0.51595712     -0.10764977     -0.27625790      9.86273214E-02
 -3.54808643E-02  9.58722755E-02   1.6469525     -7.49478303E-03
  0.34689975      0.13364571      0.42663971     -7.96915218E-03
  0.56445563     -0.97578973     -0.71259630      5.21082655E-02
 -7.89465290E-03 -1.92254391E-02 -0.17312342     -2.06030672E-03
 -0.56215709      -1.4554121      0.31007013      7.28939921E-02
 -0.33101511      0.15260790     -0.23083206      6.14933521E-02
  0.53737748      0.32199770      0.36505824     -9.74724721E-03
 -0.18539530     -0.15493163     -0.16913559      0.11734316    
 -0.13365115     -0.17052984      0.11507585      6.46273047E-02
  0.18786572     -0.21926036     -0.57124835      5.99097833E-02
  0.15194350      5.88496514E-02 -0.14123204      2.80585624E-02
  0.19572841      0.87888366      0.13623354     -3.98294851E-02
 -0.35827336      -1.2376964      1.17029632E-02  5.59983142E-02
  0.11907609     -0.19435911      0.11881358     -1.70597360E-02
  0.57828867      3.97751257E-02 -0.50181758      9.00002383E-03
  0.25143906      0.38163900      0.45373335     -3.58334035E-02
  0.54866749     -0.15895483      0.49233299     -5.61549328E-03
  0.17622563      0.33740643      6.07279427E-02 -2.30336227E-02
  0.19814774     -0.66758007     -0.79190201     -4.22232747E-02
  0.18643549      0.16505136      0.12821905     -2.70365886E-02
  6.52538836E-02 -0.55442351      0.26179144      9.03479233E-02
  0.29510728      0.74023628      0.54360038     -1.34405727E-02
  0.45075285     -0.12182947     -0.21563914      1.80651322E-02
 -0.92561495      0.42558089     -0.40879625      2.97060553E-02
  -1.6588426      0.76780647     -3.11879031E-02  3.99121307E-02
  0.36925152      0.12282638      0.18953763     -7.66526163E-02
  0.13685358      0.31876412      0.32946023      2.11116187E-02
  0.12931365      0.70340103     -0.35573572     -6.70066625E-02
  0.28009588     -0.75939548      0.40103957      1.58974752E-02
 -0.13317916     -0.25559327     -0.59110409      8.31480473E-02
 -2.31140759E-02 -0.33618647     -0.61961955      6.46051466E-02
 -0.25248805     -0.60479027     -0.93306118      6.52658939E-02
  0.19529304     -0.43559861      0.16954257      1.14266165E-02
  -1.2886723     -0.84489846      0.40552408      2.87186652E-02
  0.17456417      0.12921306      0.26571730     -8.59286711E-02
 -0.43635410     -0.79961938     -0.90188253      7.17322826E-02
 -0.47739026      0.41779271      0.10534230     -2.79184543E-02
 -0.35748109     -0.17029628     -0.53259957      2.99378484E-02
 -0.50473446     -0.25794992     -0.49165872      1.58114899E-02
 -0.30921960     -5.77171184E-02 -0.48602468      5.00405543E-02
 -0.31222919     -0.33292773     -0.75714880      1.09961606E-03
 -0.32241392     -0.22730660     -0.55158705      2.67718006E-02
 -0.42492443     -0.20259337     -0.76196867      1.27634350E-02
  0.40426657      0.75710571     -0.14876458      5.94038181E-02
  3.81646603E-02 -0.13058744     -3.49459127E-02  7.17009157E-02
  0.20712951     -0.79129958      0.29281738     -4.71101552E-02
 -0.29825339       1.3099413      0.61692417      4.19987701E-02
  0.37784830      0.51832038      0.18692337      5.40047437E-02
 -0.77149260     -0.88131887     -0.90425575      7.79662132E-02
 -3.02322060E-02  0.10602847      0.26722679      3.26015204E-02
  0.20093776      0.35731962      6.89314529E-02 -9.91514884E-03
  0.16626841     -0.22849429      4.56834733E-02  5.67092970E-02
 -0.10564861      1.02047762E-02 -0.10138235     -3.11252512E-02
  7.03439936E-02 -0.48225525     -0.51865000     -2.12049913E-02
 -0.40298885      -1.1606289     -9.83260944E-02  4.26152609E-02
 -0.27359191      0.36945364      0.15796766     -5.18604415E-03
 -0.42672041     -0.26925433     -0.30936912      0.13421389    
  0.84975475      0.78218156     -0.17746527     -9.92475152E-02
 -0.78869283      2.27946579E-03   1.2957877      0.13794763    
 -6.40731230E-02 -0.36116356      7.29089156E-02  9.39816609E-02
 -0.11338250     -1.82345342E-02  0.28501734      3.15277316E-02
 -0.77870589      9.90976840E-02 -0.36908051     -6.09700680E-02
 -3.77459414E-02 -4.01879959E-02 -1.16231386E-03 -3.94472592E-02
   1.9679364     -0.72939771     -0.65148669     -2.89051682E-02
  0.61540151      1.54363373E-02  0.16933994     -6.39927164E-02
 -0.82206231      0.12837115     -0.56855148     -5.23462556E-02
  0.40593043     -0.63261777      0.52601296     -8.44981149E-03
  0.15739770      0.11567769     -0.27825761      1.47578102E-02
 -0.12278780      9.50732902E-02  5.14501780E-02  3.12061664E-02
  0.52951157       1.0829524       1.3936303      6.77543879E-02
 -0.24913150     -0.17501801     -0.60485590      1.82923581E-02
  0.63037932     -0.26096162     -0.67813790     -2.43597757E-02
  9.51615795E-02 -0.61288351     -0.26908726      2.75717396E-02
 -0.60230285     -0.47491845      0.20047039      2.10991111E-02
  0.10431705      0.25785643     -0.48172945      2.16819681E-02
  9.98805538E-02  0.38518047     -0.59678781      6.19519129E-03
  0.11469418      0.39230838     -0.55940825      3.47414892E-03
  0.12454660      0.42214546     -0.59914541     -5.24822855E-04
  9.47376415E-02  0.14961557     -0.42118576      3.52595337E-02
  0.13826649     -0.32344219     -0.47804323      9.11347643E-02
  5.81687577E-02  0.41976902     -0.52110589      1.64110761E-03
  4.30285409E-02  0.37387937     -0.59544069      5.98440086E-03
  4.54817489E-02  0.22316155     -0.18208563      3.88272442E-02
  3.76420617E-02  0.50377834     -0.51313895     -1.59227790E-03
  3.25323418E-02  0.49182507     -0.48179299     -2.45451531E-03
  2.92105582E-02  0.46515378     -0.55366504     -2.91478401E-03
  0.12820756      0.26694673     -0.59291697      2.21399590E-02
  5.79080060E-02  0.18891326     -0.56532025      3.53048705E-02
  1.26331905E-02  0.40367180     -0.61392528      2.18925141E-02
  0.16365954      0.25773436     -0.61074710      1.91510823E-02
 -3.40337446E-03  0.33280927     -0.41581154      5.15419431E-03
 -4.12702598E-02  5.12278751E-02 -0.46991190      5.51431514E-02
 -2.32482050E-02  0.43467802     -0.54825997     -3.53864091E-03
 -1.28542474E-02  5.44747896E-02 -1.30564924E-02  5.47450483E-02
  5.50862998E-02  0.44310805     -0.53209144      1.15239038E-03
  2.25005932E-02  0.44067082     -0.53712255     -2.13709613E-03
  0.14454551      0.43478510     -0.68813586     -1.26729230E-03
 -3.81773431E-03  0.31387761     -0.47686067      5.32705896E-03
  0.11902939      0.30808470     -0.59338474      8.74384679E-03
  0.27779871      0.11723413      0.28641540      5.57321764E-04
 -3.07604335E-02  0.43431634     -0.50408947      3.31584141E-02
  2.64106710E-02  0.47591171     -0.63411856     -7.52194785E-04
  6.44357428E-02  0.42589530     -0.56343573      7.03141838E-03
  8.44148099E-02  0.41976720     -0.46607515      1.81635399E-03
 -4.77662459E-02  0.42938173     -0.51470989      2.92353351E-02
  8.44007544E-03  0.47437152     -0.55974638     -5.90119744E-03
  9.69363153E-02  0.28390208     -0.42021939      2.07395758E-02
 -0.33302984     -0.17216238     -0.15112478      0.13106853    
  2.53668763E-02 -2.65533235E-02 -0.37543127      6.17748387E-02
 -8.77415687E-02  0.43284935     -0.35521951      2.76380274E-02
  2.48076878E-02  0.46935195     -0.58033943     -4.73934738E-03
 -0.36160055     -0.43452421     -0.30032116      6.53608423E-03
  7.28821307E-02  1.04591036E-02  4.06624638E-02 -5.02058305E-02
  0.63309574      0.66650814     -4.31566983E-02 -4.56465259E-02
   1.6124156     -0.26359379      0.69508493     -7.20091015E-02
 -0.10754345     -0.77021188      6.74865991E-02  4.88973260E-02
 -0.33654249      -1.7211710       1.0249133      0.19542253    
 -0.12606117     -0.79642594      0.22740676      5.83233908E-02
  9.96556953E-02  -1.0231806       1.6909603     -1.38756987E-02
 -0.23381397     -1.45051666E-02 -0.97622162      3.49490158E-02
  0.22057053     -0.81493247     -0.91621125     -6.50807396E-02
 -0.37299871     -0.89853561      0.40940249     -2.65964679E-02
  0.28119606      7.25014657E-02  0.44259745      9.00469795E-02
 -0.49622846     -0.56459135      0.62254047      9.60948095E-02
 -0.19594713      0.33599642      0.10938366      1.20549276E-03
   1.6840479       1.1462945      0.23144533      0.16227703    
  0.31504264     -6.44770116E-02 -0.10584647      5.25334328E-02
  0.70572650      0.26917472     -0.23593910      8.53522569E-02
  0.30773738      0.29003441     -8.44152179E-04  6.45514429E-02
 -0.46944690      -1.0090972     -0.45249444      1.03418529E-02
 -0.16868456     -0.15510070     -0.28974384      8.68774876E-02
  0.25092500     -0.59676027      6.07156865E-02 -1.80625375E-02
  0.40683734     -0.26715803     -5.02695609E-03  4.36232276E-02
 -6.21819273E-02 -1.22146867E-02  -1.1603191     -3.73208858E-02
 -0.26605567      0.14872155     -0.31860712      3.77152413E-02
  0.23468126     -0.22438498     -8.56382102E-02 -1.71185695E-02
 -0.13749841     -0.38404348      0.26384506      4.10378799E-02
  0.17672732     -0.27611840      0.57418579      6.33870289E-02
 -0.31509489     -0.12996113      0.39625907     -0.10143843    
 -3.47988196E-02 -0.16676447     -0.84933442     -6.83970703E-03
  0.33218053     -0.41434732     -0.67451102      5.35596758E-02
  2.27226559E-02 -0.32200822     -0.42081335      5.73404059E-02
  0.15388472     -0.24201895     -0.28101891      4.43495102E-02
  0.14759673     -0.42478791     -0.47669041      3.00872177E-02
  0.51889217     -0.50797552     -0.88546574     -2.99953893E-02
  0.20288850     -0.87296778     -9.91566628E-02  3.13923806E-02
  0.41665080     -0.47422212     -0.83588630     -1.55592188E-02
  0.19947635     -0.50355291     -0.88522017     -5.68984859E-02
  1.34390462E-02  0.52900833     -0.80479741     -2.64771115E-02
  9.00853500E-02  0.63762343      0.33081278     -4.46433835E-02
 -0.68870348      5.58923557E-02  0.35090351     -9.44099873E-02
 -0.60482049     -3.57090756E-02  0.12390715     -8.34147856E-02
 -0.43036500     -0.20826384      0.59488064      4.76255752E-02
   1.0125849      0.44845194     -0.19724190      4.91737947E-02
  0.17709988      0.29748991     -0.71574163      1.44720105E-02
  -1.2382041     -0.62265867     -0.22246353     -0.14199702    
  0.85100740     -0.32250923       1.1587111     -2.98140571E-02
  0.62534100      0.75332201     -0.87464726      1.57758854E-02
  0.68058920     -0.39386573      0.13203572      6.61109537E-02
 -0.32182986     -0.17856665     -0.18656951     -3.12134586E-02
 -0.76100242     -0.39070269     -0.24719518     -7.64923468E-02
 -6.98825866E-02 -0.64501399      0.20699805      6.47912771E-02
  7.40006492E-02  0.19372839     -0.19305797     -2.08161911E-03
 -0.60067058     -0.71960568      0.11844748     -6.79473653E-02
  0.15949725     -0.11052871     -0.16388591      1.47154294E-02
  0.54154730      0.27309886     -0.24905363      0.15844592    
 -0.18663864     -0.42424732     -0.49666846      3.97772714E-02
  0.29346943     -0.32968250     -0.14571786      1.63166896E-02
  0.22838141     -0.65812218      -1.0585921     -3.13740857E-02
  0.15646869      0.58370328      -1.1211128     -6.04881048E-02
 -0.25336978      0.30565730     -0.27595621     -6.39986992E-02
  0.57926637     -0.34214297     -0.51285797      1.36878632E-03
  -1.1876980     -0.37110770     -0.74834633     -0.10845953    
  0.27098680      0.41318151     -0.78435779     -5.81736211E-03
 -0.25975356      0.11354110     -5.57621382E-02 -6.15530089E-02
  0.69189841     -0.53208899     -0.21432289      1.97741184E-02
  0.65407932      0.18045694      3.64574790E-02  4.35423851E-03
 -0.25938070     -0.79786748      0.53153157     -2.51583708E-03
  2.77246516E-02  0.82985437      0.34219041     -0.10537759    
 -0.11872805      0.37049004     -0.28645557     -1.55083770E-02
  8.77653509E-02  0.41626808      0.23307499     -4.64311093E-02
 -0.16138522     -0.13185331     -0.42634615      6.60277233E-02
 -0.14694457      6.06423244E-02  -1.2473959      1.55057330E-02
  0.60243773     -0.66426003     -0.36624396      7.72996023E-02
 -4.42629727E-03  0.26724648     -0.27468550      8.65865722E-02
 -0.22868833      8.60345513E-02  0.66037327     -1.40547026E-02
  0.36874950      0.82565659      0.16535181     -5.41527048E-02
  -1.8151644       1.0083748      0.57267380      0.12297734    
 -3.38104442E-02 -0.18956570      0.42507675      2.00573131E-02
 -0.47612453      3.88539918E-02  0.51070952      2.38022022E-02
  0.30307913      4.41916957E-02  0.34055403      4.25085872E-02
  0.87180710      0.63267398      0.21506655     -1.80697851E-02
 -9.68794152E-03 -0.56849724      0.22954139      2.51183063E-02
   1.1011970     -0.15763432      0.70094526     -1.63979568E-02
 -0.15847304       1.0375299      0.11489139     -0.15757999    
  9.75640267E-02  0.30144450      0.25387549      4.83674109E-02
  4.07634303E-02  0.90896571     -0.16170494     -8.66209492E-02
 -0.35942623      0.18765900     -0.70799613      5.14964908E-02
 -0.37967241     -9.61287916E-02 -0.68105990     -6.11733384E-02
  0.38208228      0.44613907       1.5505611      3.52122709E-02
 -0.34899995     -7.91580528E-02  -1.1311916     -8.99632834E-03
  0.51946336     -0.35884231     -0.96329224      1.53156044E-02
 -0.25359565      0.13398689      0.83620232      2.38709413E-02
  0.25171340      5.60686179E-02  0.86251241      5.60906902E-02
  0.47165591      3.41684334E-02  0.62791306      6.77810833E-02
  0.81510657     -0.29044801      0.73317665      2.80251242E-02
  0.82205564     -0.19478574      0.60736150      2.66090520E-02
   1.0314491     -0.19734521      0.31777087      1.28557533E-03
  0.33717793      0.75496900     -8.08873698E-02  1.66653730E-02
  0.98904526      0.17194763      0.69626629      9.48415622E-02
  0.74562943      0.31570715      0.49645239      8.62331688E-02
  0.78501481      3.63683254E-02  0.42412424      5.70924394E-02
  0.59193432      0.61930978      0.47859135      6.41383454E-02
  0.36595806      -2.9318686      0.62050086     -2.65830103E-03
  0.81109780     -0.30353755      0.75742269      2.85610612E-02
  0.85426122      0.65124261      0.95360619      0.11284973    
  0.13686600      5.62422909E-03  0.14511986      3.53783332E-02
  0.46309409      5.37833720E-02  0.47070476      3.83814834E-02
  0.81589895     -0.33910125      0.66571182      3.23891342E-02
  0.95170248     -0.15115672      0.34414157      1.52323712E-02
   1.0783281      0.27008888      0.38207406      0.11287825    
  4.05966341E-02  0.27221888     -5.00926785E-02  5.75104952E-02
 -0.26947531     -0.42415255      9.62369069E-02  3.05942614E-02
 -0.31729212      4.20553684E-02 -0.42609999      6.03984036E-02
  0.31507769      0.44794571      2.12043338E-02  9.16971117E-02
  2.19584480E-02 -6.14749361E-03 -7.24885240E-02  9.35212672E-02
 -4.38409625E-03  0.16489370      0.46680629      9.05718058E-02
  0.29149589      0.10384716     -0.32803679     -4.46285456E-02
  -1.0638021      0.22029798     -0.11923808      3.87135595E-02
 -0.10455669     -0.21702804      7.43503794E-02  4.92190663E-03
 -0.86930406       1.5244344     -0.71745318     -1.88399956E-03
 -0.29841390       1.9855868      8.15732777E-03  9.07835141E-02
   1.0188794       1.7271713      0.19210026      0.19931334    
  6.24623969E-02 -0.93677980     -0.43950865      9.23900530E-02
 -0.38864791      0.59569925      -1.2459964      6.86209882E-03
 -0.27093542     -0.35724288      4.01795581E-02 -4.80502248E-02
  -2.9344890      0.86879611      1.08172968E-02  5.82329445E-02
 -0.29763657     -0.25923991     -0.20905392      5.53491153E-02
  7.86966309E-02  -1.0026193      0.48956615      0.20601897    
   1.2391863      6.74808621E-02  -1.7149656     -3.63406688E-02
  0.19412519      0.10735120      1.43647622E-02  9.93770137E-02
 -0.61248052      0.27116802       1.0506935      0.14969476    
   1.5088528      -1.3402227      -1.3822834      8.93603545E-03
 -0.21313730     -0.85698593      0.60886538      0.10278801    
 -0.73084277      -3.7105861     -0.90359926      1.45202046E-02
  0.84396178      0.86372596     -0.46187785      7.74778500E-02
 -0.58782399      5.33116143E-03 -0.45919704      9.28726420E-03
   1.5605290      -1.9078716      0.39606512     -1.08322827E-02
  0.15298985     -0.16282640      3.31146754E-02  6.93487236E-04
 -0.60091776     -0.38623896      0.37395358      6.06052391E-02
 -0.46993485      -1.0357021      0.65785855      8.96580368E-02
  0.60782284     -0.95134157      0.48565370      3.36217545E-02
  5.29815443E-02 -0.33147869      0.11413219     -3.20656295E-03
  0.56966722      0.57086295      -1.2834489     -1.69077814E-02
  0.13186343      8.21231604E-02  0.87767345     -7.64827151E-03
  1.23398239E-03 -1.21376384E-03 -0.64690977     -1.07745454E-03
  0.55043519      0.27252153      0.75355512     -2.35923771E-02
  0.45886987      0.41041005     -0.30235514     -2.86700297E-02
   1.2470357      6.95513114E-02  0.11570078     -3.66064161E-02
  0.28824690      0.53964645      2.10971683E-02 -2.39088219E-02
 -8.66444185E-02  0.52895504      0.43280694      6.65784031E-02
   2.7794871      0.76536661      0.11035306      1.36607867E-02
 -4.81171347E-02   1.2647792     -0.20737047     -2.96843220E-02
  0.18201561     -0.46612039     -0.44761762     -2.02030018E-02
  9.09941792E-02  -1.2196983     -0.16852111      0.12799121    
  0.10200115     -0.31361645      0.12335065     -1.23721743E-02
  0.75710779      -2.6268029      8.57735053E-02  0.17021935    
   1.0373313     -0.43705663      7.01817274E-02  7.44761303E-02
 -0.32099709     -0.89505899      0.36490285      6.02483526E-02
  0.25376916      0.67432451     -1.15673281E-02  5.55113368E-02
  0.12184319     -0.25039461     -0.59217161      5.16458899E-02
  2.93131676E-02 -0.10034783     -0.25729662      8.92520398E-02
  0.29814094      0.65138078     -0.44305319     -2.58491598E-02
 -0.56188035      0.71106237      0.77367210      7.64671043E-02
 -0.52321738      1.50542045E-02   1.4512346      0.12979965    
  0.45478576      1.40134580E-02  0.62476009     -6.51680380E-02
 -0.27531326     -0.30422041      0.14791314     -3.68299615E-03
  -1.2440866     -0.35025704     -0.42365441      0.19790331    
 -0.41713449     -0.23231776       1.3108968      5.20523190E-02
  0.30673090      0.53945142      0.47747615     -5.09395637E-03
 -0.42095506      4.55232449E-02  0.24344769      9.85684171E-02
  0.33357045      0.53911483      0.57437748     -2.32206583E-02
  0.21183951      0.65587711       1.4682111      8.41007829E-02
 -0.30551353     -0.19418353     -0.31902856     -9.29952227E-03
  4.54398915E-02   1.1115415      0.78315914     -6.20583026E-03
 -9.84888077E-02   1.1970571      0.78275400      2.16581076E-02
 -0.35018435      0.17642678      0.42669678      2.96227206E-02
  8.53672549E-02 -0.51973152     -0.39138407      2.35307477E-02
  0.88184953      -1.7390139      0.34447059      8.38312358E-02
 -0.36391455     -0.43451479      0.18469080      8.66919756E-02
 -0.38071617     -0.29698265     -0.15617435      7.97026008E-02
 -0.80250078     -0.19779514     -0.84577584     -6.59693107E-02
 -8.35640654E-02 -0.43497354     -0.23654148      6.65540546E-02
 -0.60159385     -0.51234823     -0.84972668      6.95213154E-02
 -0.20253673      0.42761615      0.23460178      8.74845404E-03
 -0.60715711     -0.59142876     -0.24748963      6.36331216E-02
 -0.20123112     -0.74644762     -2.83870753E-02  2.29058824E-02
 -0.36857736     -0.37144321      6.46743476E-02  7.03861713E-02
 -0.12441144     -0.39447412     -0.48031208      5.36061861E-02
  0.28481650      0.14449580     -0.50192845      2.94567849E-02
  0.28761712      4.52974886E-02 -0.46031773      4.68037874E-02
  0.42661074      4.89498153E-02 -0.55496216      4.51400466E-02
  0.87564063      5.04230931E-02 -0.65431529     -7.43730832E-03
  0.59052557     -0.20194899     -0.42298967      1.81525238E-02
  0.34525946      0.11710756     -0.43728599      3.11469026E-02
  0.57529438     -7.71324784E-02 -0.42949635      1.64206326E-02
  0.76756185      1.07265180E-02 -0.43686229      2.26204395E-02
  0.39739203      0.13566819     -0.50309408      3.10882814E-02
  0.64908242      3.64569128E-02 -0.52410156      2.11833231E-02
  0.60441869     -7.22726583E-02 -0.32704821      3.85380276E-02
  0.26673123      9.32498947E-02 -0.91710126     -1.96323581E-02
  0.54239327     -0.23634528      0.18841138      9.92850438E-02
  0.46650034      0.15809220     -0.27445853      5.49804047E-02
  0.31579778     -0.35425389      3.44392844E-02  0.10191438    
   1.3565669     -3.52341495E-02  0.25538167      0.12405029    
 -0.17398342      0.66985297      0.42777336     -0.16657935    
 -0.90375561      0.32556483      0.12954399     -4.32530493E-02
 -0.74019134     -0.47283861       1.4134555     -9.55806971E-02
  0.12017366     -0.41393280      0.28966704     -7.35921934E-02
 -0.42959571     -0.26435152      0.45899194      2.05239095E-02
 -0.21037379     -0.25405878      7.34929889E-02  6.98708668E-02
  0.58869004      0.75722700      0.61223227      7.07290545E-02
  0.48369280      0.34209773     -0.48649034      4.45568785E-02
 -0.17859130      1.41091533E-02   1.3323123      5.47999106E-02
  0.46411353     -0.34696606      0.93024385      0.10129474    
 -0.13259119     -0.42849886     -0.11620482      8.28448962E-03
  0.30633101     -0.65519518     -0.17987208      4.77052294E-04
  0.12453072     -0.75368613     -0.62900203     -2.35322528E-02
 -0.12642816     -0.35984853      0.18490326      1.42548755E-02
 -5.53752203E-03 -0.36668348     -5.01212589E-02  1.77544877E-02
  0.12177315     -5.66388629E-02  0.46124381      3.03743221E-02
 -0.36468044     -0.31292143     -0.31351045     -3.36844660E-03
 -0.13171022      0.10412913      0.16396162     -2.25013904E-02
  0.17674111      0.18668784     -0.24898763      4.10794988E-02
  4.37655561E-02  2.62467694E-02  0.53943413     -1.11951586E-02
 -0.42860445     -1.02689322E-02 -0.20529135      2.65583899E-02
  0.25982320      0.24477050      0.14900917      1.38159487E-02
  0.17388916      8.29430297E-02  0.18413837     -6.83031306E-02
  0.12710205      0.22570080      0.38344082      3.00985798E-02
 -5.96575364E-02 -0.61832482     -0.96536446     -5.07562198E-02
 -0.91199446     -5.16316220E-02  0.12531959      1.14788506E-02
  -1.1718057      0.56089902      0.84689456      3.76534089E-02
  7.97268078E-02  9.29196551E-02  0.11963407     -1.26268724E-02
 -0.17870659      0.13571839      0.68279976     -1.22850649E-02
   1.1426277      0.50930709     -4.23008502E-02  1.84226986E-02
 -0.24141213     -0.16865350     -0.33782220     -3.43861356E-02
 -0.60512924     -0.22816119      4.11733910E-02  9.29969326E-02
 -0.40311393     -0.10617178     -0.75266635      4.43202443E-04
   1.4021748     -0.33905885      -1.7943457     -0.11228960    
 -0.19957459      0.24533011     -9.54387859E-02  2.57538166E-03
  0.22445434      0.45424360      0.75413769     -6.67407140E-02
   1.5206512     -0.99186635     -6.35123327E-02  1.07898228E-02
  1.43398866E-02  -1.0428764      0.64044946     -5.89261092E-02
 -0.72709680      0.30810028      -1.0573012      1.51296537E-02
  0.24969445     -0.51487321      0.48958752     -5.37720956E-02
 -0.37614468     -0.44424853      9.11972001E-02 -2.68475758E-03
 -0.50823808     -8.39330703E-02   1.2142749     -0.14290522    
  1.50685152E-02  0.17528288      0.32872516     -9.83893573E-02
  0.27095357       1.0757467      0.48723453     -4.50675301E-02
  0.37919152      8.44226331E-02  0.28642890     -5.49441017E-03
  5.05753793E-02  0.35560077     -0.15524931     -3.71216834E-02
  0.89057451      0.92620528      7.89017789E-03  6.88219815E-02
 -0.78792280      0.90645075      0.47044849     -0.19834660    
  0.97495902     -0.72941530     -0.10205337      5.15066832E-02
  2.72333752E-02  0.25799969      8.21573362E-02  3.75872441E-02
  0.76960009      9.34238825E-03  0.20041570      1.43971629E-02
 -0.76132190     -0.30302218     -0.62223279      5.51629514E-02
  0.32327402     -0.90674227      0.23344664     -4.87103760E-02
  0.20959283     -3.66836712E-02  0.13567284     -2.70176139E-02
  0.62477875     -0.51030517     -0.88294101     -4.26825248E-02
  0.40432525     -0.40649018     -5.29017784E-02 -3.28440703E-02
  0.36361706     -0.21087331      -1.2575201     -5.61306104E-02
  0.66883355     -0.13982427      0.45804179     -7.97486492E-03
 -0.52553201     -0.16329177      0.21828213      2.90246401E-02
 -2.33921055E-02 -0.72909170      0.12600431      5.40319309E-02
 -0.63325036      0.13578077      0.43394175      2.71947533E-02
 -0.47714368     -0.60807836     -0.12336320      7.75456876E-02
  0.12253995     -0.89325827     -0.57667303      4.59863851E-03
 -2.75655761E-02 -7.99563527E-02 -0.50741583     -6.61555678E-03
 -4.23039533E-02 -0.35846427     -0.64435858      7.24095432E-03
  0.35287085     -0.58576822     -0.68420696      1.84093006E-02
  0.53109831     -0.13301045     -0.61615068      2.68916041E-02
  0.65586501      -1.9399074      0.27761048     -3.73737477E-02
  3.10772043E-02  -1.2922189      0.24955940      9.08318087E-02
 -4.51840572E-02 -0.11039215     -0.31745955      4.45349067E-02
  0.29337984      1.00339123E-03 -0.33621341      4.67247330E-02
  0.21310462     -0.21510158     -0.45692328      2.10651141E-02
 -0.18492649     -0.67707640     -0.50301367      2.62146760E-02
  0.14802992     -0.26601529     -0.35794178     -1.88927259E-03
  0.13136981     -0.83764309     -0.45917118      1.42458584E-02
  0.19218801      7.86446333E-02 -6.26638010E-02  3.61806862E-02
  0.28203410     -0.42309436     -0.49699175      1.35500357E-03
  0.30319184     -0.48477909     -0.75272346     -1.57957841E-02
  0.12263423     -0.53937316     -0.85905474     -3.22971120E-03
  1.43357832E-03 -4.35095280E-03 -0.38209757      3.08209844E-03
  0.11181575     -0.77231997     -0.22318161     -0.10308306    
  0.10475960      0.13119003      4.67205718E-02  1.50346558E-03
  0.21683387     -0.38923731     -0.35586005      2.60269847E-02
  3.83363031E-02 -4.90020076E-03 -8.84979963E-02 -7.94717744E-02
 -0.61136419     -0.50093186     -0.10706080     -1.36074927E-02
 -0.18123822      0.15479538      0.87432057     -0.11536869    
 -0.31372780     -0.57361746      0.15324077     -7.05929846E-03
 -0.40606984     -0.49057275      0.32944268     -4.76863282E-03
 -7.10885087E-03 -0.49289817      0.66354954      8.08388516E-02
 -0.12884745     -0.27001151     -0.62176061      3.00331749E-02
 -0.14873526     -0.24468933     -0.56359458      4.25225347E-02
 -0.20588237     -0.28697917     -0.58147585      4.73884940E-02
 -0.91148019      -1.5255167      -2.0714722      3.89922522E-02
  0.13727045     -0.15495275     -0.47035968      3.45282927E-02
  1.73159838E-02 -0.47101247     -0.51682740      3.73494998E-02
 -2.54866388E-02 -0.29030547     -0.60328931      2.79589882E-03
 -2.53559574E-02 -0.42381850     -0.34945947      5.20028956E-02
  0.16979624     -0.31572390     -0.49817628      6.48397859E-03
  7.36626759E-02 -0.55993414     -0.51426470      4.05866727E-02
  1.32894581E-02 -0.37541357     -0.47613272      4.39743400E-02
  0.45244223      0.15390936     -0.43725076      1.80126876E-02
  0.48090389     -0.15771984     -0.43769571     -8.50967094E-02
 -0.29453671     -0.36335057      0.39191324      6.34239465E-02
   1.0315000      2.99337804E-02  9.99401137E-02  7.13310344E-03
 -0.24682058      -1.2915684     -0.37112013      5.96209206E-02
  0.40975305     -0.33248010      0.74227017      5.03761731E-02
  0.66694874      0.48135355      0.90467787      9.94268060E-03
 -0.29762861     -7.85579160E-02 -3.49076316E-02  9.88016091E-03
  0.84129053     -0.39060897      5.65329269E-02  5.10876216E-02
 -0.41166645     -0.26816636      0.57032955     -5.33809513E-02
 -0.49885875      0.18579192     -0.74359566      1.72853861E-02
  0.78806806     -0.74111104      0.54828322      6.99496865E-02
 -1.23221362E-02  0.13436195      0.33317778      7.66704828E-02
  0.27960798     -0.77054799      0.28669038      2.36939508E-02
 -0.19822451      5.34966588E-02 -0.41901055     -0.12335269    
 -0.94494110       1.5761181     -0.86850870     -0.33609957    
  -1.1077524       1.0608262     -6.58546835E-02 -0.29223013    
  5.59791699E-02 -6.63662478E-02  0.27489340     -1.33256614E-03
  -1.4100552     -0.85539758       1.1854646      0.31328169    
 -0.91711265     -0.49029371     -0.47455889     -3.61549705E-02
 -0.32069522      0.41866717      2.37730984E-02  8.32067151E-03
  0.39758474      0.43432251       1.0847270      5.63763268E-02
  0.56610990     -0.55361849     -0.73229790     -2.34933309E-02
  0.52991509     -0.45007858     -0.53813511     -9.83043201E-03
  0.35530317      0.53692281     -3.90045755E-02 -7.02897683E-02
 -0.63337338     -0.51641726      0.60780036     -7.73551837E-02
 -0.20179167     -0.49185246     -1.05985375E-02  4.46849950E-02
  0.25778577     -0.35011113     -0.45368969     -1.23060159E-02
 -0.40621144     -0.59232098      0.26506934     -5.10599539E-02
 -0.17057997     -0.11601502      0.20791291      4.07256046E-03
  0.55839568       1.0172560     -1.79502298E-04 -8.37248042E-02
 -0.16711913      -1.6679412       1.0218810     -4.97884266E-02
  -1.3360527      -2.4251451       2.9120564      0.25970340    
  0.90367478     -0.25128075      0.34499353     -9.78571735E-03
 -1.55886672E-02 -0.45937559      0.32481125      6.60415068E-02
  0.52544630     -0.43209636     -0.14164755      3.79739776E-02
  0.23820823     -0.51572847      0.31572995     -4.10506502E-03
 -8.95152837E-02  0.24226284      0.34173888      2.20713392E-02
  0.72187924     -0.34924355      7.59350061E-02  1.18250186E-02
 -0.21360005      0.60932046      5.71487844E-02  2.50982661E-02
 -5.79123683E-02 -0.40872055     -0.39464787      6.59620017E-03
  0.32939214     -0.32739913      0.33694535      7.11354166E-02
 -0.33180442     -0.70598543       1.0791668      2.85954941E-02
 -0.96734250     -0.71176660      0.68021846      6.29788488E-02
 -0.74852324     -0.73208052      0.94325060      0.10051548    
 -0.47470200     -0.12135946      0.57983905     -7.48758204E-03
 -0.19130002     -8.36959034E-02 -8.20869282E-02  2.24852655E-02
 -3.59836705E-02 -8.59516300E-03  4.81852479E-02  2.76748501E-02
  -1.1454638       1.0423487      0.56362247      0.17724615    
 -2.55605318E-02 -0.36082301      0.78372169      2.02031918E-02
 -0.13748437     -0.34428284      0.45914099     -5.18448232E-03
   1.0509976     -0.86112928     -0.18113168     -1.42302811E-02
  0.31620720      0.16691078      0.71481639     -5.22237830E-03
  0.43214980     -0.28694141     -0.16415492      9.08552855E-03
 -0.16240376     -0.34289917      0.15634955      1.76178552E-02
 -8.47847983E-02 -0.37572840      0.17574504     -5.38068637E-03
  0.12706637     -0.64312768     -0.13875280      2.52663530E-03
  0.36577410     -0.88203400      5.50293438E-02  1.48079228E-02
  0.27707860      4.03460227E-02  0.11726291      2.41217483E-03
  0.29794955     -0.41445723      0.14552318      3.95621918E-02
  0.56385332      -1.0218805      -1.1553780      5.05485646E-02
  2.55128220E-02 -0.95886087      0.49766544      7.50073791E-02
  0.37535235     -0.67308426      0.45247951     -1.15771675E-02
 -0.45781690     -0.96758300      0.49939421      7.49781057E-02
  0.44582868     -0.81802529     -0.45032242     -6.77011907E-03
 -0.40654293     -2.46904436E-02 -0.32367304     -1.35727171E-02
  0.33545056     -0.63162780     -0.49496865     -2.01923419E-02
  9.42859799E-02 -0.78087211      0.45003524     -2.11467035E-02
 -0.65580159     -0.21751267      0.47925416      2.45445617E-03
 -0.17447318     -0.83518928      0.79851359      5.13204038E-02
  5.83115146E-02  0.16969410     -0.60401756      2.36426275E-02
  0.20744723      5.60126565E-02  0.15933204      2.25204751E-02
  0.10908458     -0.24849330      0.29312083     -8.71294457E-03
  0.50530446     -0.44293168     -0.97862554     -2.64626574E-02
  0.50903261     -1.53891556E-03  0.28412178     -8.77747387E-02
  0.37426719      0.66051483      0.34033245      4.74221371E-02
  0.42439300      0.20694867      0.20229748     -7.74455443E-02
 -0.23724781     -0.94914114       1.0274472      0.10260607    
 -9.87238809E-02  6.94552436E-04 -0.40844709     -9.26904380E-02
 -0.55943960     -0.25895634      0.25385118     -9.90882963E-02
 -0.32832366     -0.42748088     -0.27464157     -6.76125363E-02
 -0.30310261     -4.15064655E-02 -9.60501507E-02  5.30985557E-02
 -8.83209780E-02 -9.64107886E-02 -0.32294646     -9.35202688E-02
 -0.39074823     -0.31133798      0.45954868     -2.99808178E-02
  6.01994917E-02  -1.1182625      0.19350511     -1.05144801E-02
  0.14456798      8.76197871E-03  0.38688555      2.96226609E-02
 -3.18285776E-03 -5.55349439E-02  9.38635692E-02  2.83082691E-03
 -0.32679841     -0.14783560     -0.15711151      4.06773165E-02
  0.82821286      3.48707587E-02  0.21084765      6.44289562E-03
 -0.37784770     -0.35612455     -0.37129247      4.21277769E-02
 -0.67382979      0.16664770      0.26289773      8.44013020E-02
  0.41919115      0.15838765      0.53999895      2.67096180E-02
  0.26985243     -0.84288102     -0.52046311     -3.40678617E-02
 -0.43045998      0.69291031     -0.59546137      0.14327390    
  0.32886279      0.55279934     -0.92761576      7.92387649E-02
  0.53452075      0.47350809      0.39666033      2.32272074E-02
 -7.85297826E-02 -0.62316471      0.46181637      1.87993348E-02
   1.0698375      0.18267946     -6.27729446E-02  5.09883538E-02
  0.83004242      0.25233459     -0.30874240      0.10027728    
  0.68538231     -0.59607869      0.79023963      0.16151610    
  -1.2009087     -0.58470941     -0.64126158     -0.12776992    
  0.83001852      0.41217092      0.88342875      1.36200991E-02
  0.58741796      0.11502995     -0.22768308      6.25970587E-02
  8.07511508E-02 -0.12658879     -2.25354694E-02  3.10731009E-02
  1.81389283E-02  9.43662524E-02 -0.45597070      4.68916297E-02
  0.55054843     -0.10409510      0.26075616      6.76621720E-02
 -0.59155923     -9.63807181E-02 -0.18862258      5.96553944E-02
 -0.30688745      0.24830306     -0.76444024      4.03235480E-02
 -0.30048871      0.15775575     -0.71792430      4.77223694E-02
 -0.13787243     -0.46572423      0.11025928      4.22924086E-02
  0.35084811     -0.90236217     -1.77580435E-02 -4.00752611E-02
  0.27373853     -0.64142555     -0.18824041     -1.94535591E-02
 -0.25744531     -0.77667981      0.32213110      6.51230477E-03
  0.16382942     -0.41343844      0.31460905      5.41138696E-03
 -0.48187420     -0.11126377     -0.43891487      1.69677921E-02
  0.35710359      7.96750188E-03  3.14898975E-02  5.81657365E-02
  0.28957853     -6.39923736E-02  0.14341460      8.72237682E-02
  0.19381349     -7.16320053E-02 -0.16460024      2.36239880E-02
  8.73637293E-03 -0.38776562     -0.76692945     -4.44713160E-02
  0.11700826     -5.15313074E-02  0.16319139      6.29261415E-03
  0.23814161      0.26560694     -0.11851665      2.20631361E-02
 -0.31541342      2.90949792E-02 -0.16561937      5.74954934E-02
  0.11595105     -0.66362625      6.99592978E-02  4.01289612E-02
  0.15670048     -0.32582086      0.43796059      7.35277236E-02
 -0.14028667     -0.36509076     -0.51739383     -1.50037883E-03
  7.69694522E-02 -0.44128698      0.20310897     -4.79029375E-04
  4.02894840E-02 -0.22305320      0.40587696     -1.03690438E-02
 -0.11444043     -0.12052606      0.41095787      1.12124644E-02
 -0.11814418      0.31975007     -0.22872300      1.69249978E-02
  0.28363451     -0.41660342      2.99666971E-02  1.38863381E-02
 -0.60959756     -3.91280651E-03 -0.32656741     -1.60348658E-02
  0.10813957      0.29803416     -0.78618580      9.45415162E-03
  1.95546579E-02  0.22667754     -0.65202516      1.45706628E-02
  3.31978267E-03  0.16336042     -0.56419772      2.63673346E-02
  5.25502823E-02  0.25700092     -0.61741048      5.11792824E-02
  0.30210042     -0.20182465     -0.29052156     -4.39598784E-02
  5.98041005E-02 -0.23574835      0.41764143     -2.77045015E-02
 -0.35909691     -0.23520963      7.33790621E-02  4.11866419E-02
 -0.26480818     -0.24609563      0.24663536      6.58722501E-03
 -0.45925105     -0.47606391     -1.15174036E-02  1.73549186E-02
  0.43453899     -0.63253832     -0.20964038     -1.33115640E-02
  -1.0057636      -1.0644872      0.23212604     -0.10851517    
  0.72052294     -0.16051424      0.11835530      6.36708140E-02
 -0.10246041     -9.89663675E-02  0.19200125     -2.09152382E-02
  -1.1525007     -0.86246461     -0.92176557     -0.24476106    
  -1.0233357      -2.0956438      -2.0924408     -0.28303570    
  0.35291085     -0.44677615      7.95423985E-02 -4.53935303E-02
 -0.25383735      0.36188155      0.13910544     -0.10833944    
 -0.19347931     -0.58866155     -0.13844053      1.67969125E-03
 -0.89800459     -0.61321938      0.29504895      1.50763355E-02
  0.71857160     -0.15495574       1.0951922      8.97370502E-02
  3.91475819E-02 -0.14360571      0.12837301      9.40533448E-03
  0.34468785     -0.18648329      2.13500112E-04 -6.25065994E-03
  0.53309727     -0.61887550      0.93255574      2.71917675E-02
  0.44673553     -0.24152410      0.77606177      2.62516066E-02
  0.44983298     -0.61513531      0.81268448      1.78857539E-02
 -0.45042092     -0.11792227      0.31314179      6.77576009E-03
 -0.52819031     -0.21523264      0.42727157     -5.16960071E-03
 -0.65966588      0.22403812      0.30950671      1.69137623E-02
  0.15149640      4.53627147E-02 -8.37638229E-02 -1.79635081E-02
 -0.76719892     -9.34374407E-02  0.18043022     -1.49150258E-02
  -1.1462163     -0.49780908      0.61378753      6.10714331E-02
 -0.49605033     -0.41031745      0.45575485      2.93825008E-02
 -0.30645093     -0.43068182      0.38332006     -3.06615774E-02
 -0.22812353     -0.31571367      0.28860340     -6.75850287E-02
 -0.23433147     -0.80319792      0.30494905      2.61274185E-02
  0.56075555     -0.39115494      0.65168691      0.10095093    
  0.10392009      0.96553487      0.73981094      2.38537248E-02
  0.31773341     -0.14390920      3.19898836E-02 -3.10603678E-02
 -0.37738240      0.29588151      0.13422880     -1.93975365E-03
  0.25566021      6.08461909E-02   1.2042398     -4.41465378E-02
   1.0443499     -0.89144552      0.15705124      9.82819796E-02
  0.81829983     -0.31311938      0.95920616      4.21378091E-02
  0.56026119      6.19654357E-02 -0.38642067      1.36665348E-02
  0.45502207     -0.47253031      0.41700155      1.77275501E-02
 -0.85104990     -0.36014554      0.94054031      0.18854068    
 -0.31925038      0.27958131     -0.21643901      4.28185686E-02
  0.62270808     -4.45555076E-02  0.24770382      2.60960814E-02
  6.24497905E-02 -0.35787621     -0.43818367      1.08463941E-02
 -0.20755441      1.98408887E-02 -0.10949498      3.54654193E-02
  0.47241589      0.17859650      0.71577781     -1.64284389E-02
  5.68110421E-02 -0.19591333     -0.13548614     -9.35913324E-02
  0.25302532     -0.43474579      0.35011920      1.18854307E-02
  0.28426307     -0.27626696     -0.15496843      3.34262848E-02
 -0.12166233     -0.29157037      0.15090606      1.82441045E-02
 -4.86814231E-02  0.19360542     -0.37132332     -0.13387209    
  8.97084475E-02 -0.26091245     -5.17402729E-03  4.27954011E-02
  5.41952252E-02 -0.38679370     -7.72631541E-02  1.08251749E-02
  7.20196366E-02  0.46107227      0.64998490      7.86842331E-02
 -0.43458566     -0.69478101      -1.3159562     -9.67606828E-02
 -0.14224051     -0.28359091     -0.36933309      3.09122745E-02
 -0.64379793     -0.42024949      0.49035838     -0.10528835    
 -0.60462457     -0.24777088     -0.11150771     -0.10175633    
  0.55034447      0.51246786      6.10599257E-02  1.49893593E-02
 -0.13941510      0.21868941      0.80998164     -2.18014065E-02
  0.54977047      0.47187209     -0.84411597      6.60139471E-02
 -0.48316142     -0.31586489      0.35573378     -6.89337105E-02
  0.91392052     -0.17743216      0.91263938      8.95998850E-02
  0.97753280     -0.17836989      0.50540453      6.11752495E-02
  0.33922794      0.30403501      0.30316257     -4.99326065E-02
  5.76558560E-02  0.48994777      0.91591829     -9.26108211E-02
  0.68914145      0.37062579      0.31633669      4.40699235E-02
 -0.45309997     -0.12266783     -0.39739719      4.03858349E-02
  0.19537689      3.86796370E-02 -3.27124223E-02  1.34815453E-02
  0.78481585      0.97551423     -0.22067724      0.11523294    
  0.16765717      0.11062180     -0.26091069     -9.02111307E-02
  0.40063015      0.27006093     -7.78087527E-02 -1.90790873E-02
   1.0969865      0.19415322      0.12947927      6.15842417E-02
  0.16095668     -0.39880288     -0.33328366     -1.50494818E-02
 -0.34304786      0.13174340     -0.35236877      2.26399638E-02
 -0.66226298      0.25582075     -0.86859429     -2.85322126E-02
  -1.2917278       1.1454012     -0.70100415     -3.86249311E-02
  0.95861781      0.15832449     -0.68161410      6.72657415E-02
 -0.50525111     -0.30275702      0.69997823      8.11588466E-02
  0.62049866      0.27755448      0.52476883      3.70864756E-02
  5.42414673E-02 -9.45775583E-02 -0.44696280     -1.36079248E-02
  0.76794529      2.79689617E-02  -1.5069740     -8.36814418E-02
 -0.37686375      8.54239240E-02 -0.50931013      1.13889957E-02
 -0.29588497     -0.32215643      -1.6269386      0.12099199    
 -0.13295430     -0.61380637      0.45938745     -4.07796614E-02
 -2.11404562E-02 -0.28449437      0.79094535      1.17101967E-02
  0.34572545      0.22379753      0.42478907     -3.30814831E-02
  0.33850229      0.16036719       1.1844065     -9.22376011E-03
 -0.35615537     -0.51146424      5.06923422E-02 -7.28784278E-02
 -0.47334334     -0.32899207     -0.44595158     -0.12498584    
  9.98703763E-02 -0.56681859      0.22839044      1.72628313E-02
  0.44702831      0.15240216      0.34834272     -6.78885952E-02
  -1.5388499      0.15485248     -0.26193625     -9.36448500E-02
 -0.86233854      0.21547745      0.81513906      2.53905002E-02
  0.27968508     -0.82564950      0.13813078      2.54132040E-02
  0.58301556     -0.19498135      0.64047116      4.56691720E-03
 -0.14483219     -0.65064430     -0.49332476     -1.02484822E-02
  0.61539155     -0.21333061      0.96751386     -1.60908177E-02
  0.40064654      0.14513937      0.28383306      2.58091874E-02
 -0.34225982     -0.58649099      0.62647939      4.62161228E-02
  0.14348926      7.94569552E-02 -0.19011752      7.58365542E-03
 -0.18642549     -0.59096968      0.12611996     -4.12601493E-02
 -0.11253882     -0.16712005      0.17439185     -2.39975378E-02
 -2.97065433E-02 -0.53835261      3.83371301E-02 -2.18356792E-02
  0.14870749     -0.26889592      9.56308097E-02  3.77007731E-04
 -0.43739814     -0.74284279      4.39787731E-02 -5.18659428E-02
 -0.35341650     -0.46011934      4.74073179E-02 -9.81197655E-02
 -0.21466415      0.33379734      0.59714013      3.53633165E-02
 -0.23139255     -0.53494215     -0.25972399     -8.37270245E-02
 -9.95643884E-02  8.13553929E-02  0.56315809     -5.40503394E-03
  9.66754630E-02 -6.04046546E-02  0.67976135     -9.58894417E-02
 -0.15428224     -0.32096693     -7.43794665E-02  7.25404359E-03
 -0.44095188     -0.20168182       1.1138411     -0.11135158    
  0.51584804     -0.13645928      0.16173641      4.31411676E-02
 -0.59633607      0.76909953     -0.18459868      2.37781033E-02
  0.94596988      -1.7233691      -1.4801966     -4.41979915E-02
   1.8073308       1.7419211     -0.45719105      9.54244658E-02
 -0.10707091      0.97287071     -0.44624212     -3.45979258E-02
 -0.82359999      0.56866246      -2.8316758     -4.54926454E-02
  -4.7631383       2.8165512      -5.2472858     -0.22073917    
 -0.23582737     -0.32805747      0.60847706      9.18729231E-02
  0.18612745       1.5921935       1.9074874      0.16785392    
  0.62109315      -1.2647185     -0.41453505     -2.98550390E-02
 -0.21092682      0.94265842     -0.41380021     -7.44693168E-03
  -2.3461211     -0.81247282     -0.17852595     -2.17275620E-02
 -0.17533638     -0.49349487     -0.79842544      6.57602847E-02
   2.0430660       1.2825590      -1.5969228     -2.43667476E-02
   1.4233388      -1.7894183       1.8239006      0.22785318    
   2.2287958       1.5224296     -0.50450695     -1.94613747E-02
   1.1881686       2.0064321      0.49164835      7.29057044E-02
  -1.2755597      -6.9214134     -0.89016104     -8.62521958E-03
   4.7867713       1.4559276     -0.82278478     -9.50325839E-03
 -0.27751982       2.5168369      0.77499241      0.23372304    
  -1.2375652     -0.27035248      -1.3229285     -1.32892765E-02
  -1.7643099      -1.0288838     -0.41789374     -2.63146646E-02
 -0.40829825       1.0556118     -0.11016158     -3.66289280E-02
  -2.3545787      -1.1320007      0.24759339      0.14869379    
  0.93952149      -1.1101950      0.85833603     -1.77130569E-02
 -0.65666300     -0.15518405     -0.12675352      2.30435226E-02
  0.95199907     -0.31316620      9.01291519E-02 -7.77455717E-02
   1.1057124      -3.2433074     -0.37609488      7.16945678E-02
  -1.6962349       3.2235434      -1.2447803      2.46436205E-02
  0.66279769     -0.67322886     -0.83728111     -6.47264533E-03
  0.80210680      0.62287754      0.45866197      6.87225685E-02
  0.32233280     -0.53999442      0.33783117      9.52568948E-02
   1.4517016      0.72454840      0.45161846      0.21264444    
   1.6417958      0.85009915     -0.58368725     -1.43403746E-02
 -0.50670409      0.71706152     -0.32622337      3.21964025E-02
 -0.64037925     -5.02484888E-02 -7.29006082E-02 -1.66784152E-02
  0.68038690     -0.31978303      0.49760473      9.42615122E-02
 -0.39291757     -0.43458995      5.16550913E-02 -4.82707210E-02
  -1.6239604     -0.48249441     -0.15438095      0.12284881    
  -2.0380480      -1.1624442     -0.62834370      6.27689064E-02
   1.2152125     -0.74871558     -0.16082254      6.66157855E-03
  0.49288836      0.45709598       1.7768712      0.16425398    
   1.4689438      -1.2880716      2.91169882E-02  7.38171395E-04
 -0.44422418       2.6358252      -1.6158472     -0.29746231    
   3.5218401      -1.3597224      -1.5839248     -6.32079169E-02
  -1.5245440      0.62234396       1.8643351      0.11736552    
 -0.52529001      -1.1458086      0.58345568     -2.14817245E-02
  0.18825693     -0.30299836     -0.53246999     -0.11075760    
 -0.48897722      0.35666376     -0.63997382      3.26996669E-02
