 -0.85194242      0.88713676      0.12052250      0.15175448    
  7.51355067E-02  0.48961291      0.41757923      9.37380921E-03
  0.22857258     -0.26327437      0.30869150      8.70140791E-02
  0.93583924      -1.5424931      0.22482592     -2.74952073E-02
 -0.29060495      0.56757790     -4.75621410E-02  7.60061070E-02
 -8.07657540E-02  0.71332961     -0.13947578      2.94856895E-02
  0.61727500      0.38049960      0.14895542      7.62239099E-02
  0.42719734     -2.14762595E-02 -7.86017627E-02 -5.46346456E-02
  0.89968902      0.16988926      0.95010316     -4.32673795E-03
  -1.2491319       1.5444554      0.44555575      0.24726501    
 -0.18856919     -6.41300827E-02 -0.28133774     -1.70613006E-02
  0.29379991      0.10414118      0.23345342      5.36299013E-02
  0.28913105      0.36386776     -0.15234447     -1.41336932E-03
 -0.25146586      0.26812744     -5.43738296E-03 -1.22792646E-02
  0.15155397      0.45901614     -0.35438126      4.71769925E-03
 -7.87617266E-02  0.22629353      -1.6616650     -0.15056328    
  0.21113403      0.36579362      0.55872637     -1.74047588E-03
  0.41917756     -0.28327641      0.34919858      5.06024547E-02
  0.70580232     -0.51097304      -1.4537747     -6.43031746E-02
  0.64185876      0.30440012      0.16727996      3.07021051E-04
 -0.57007962       1.0582854      0.58627582      0.16425470    
  0.13450168     -0.69510293     -0.71143275      0.10547398    
  9.71028730E-02  0.34998295     -2.57051773E-02  4.05207053E-02
  0.43872732     -0.47437143      0.25237593      4.69223186E-02
 -0.33695585      0.21880831      0.14775829      9.56888348E-02
 -0.69099635     -5.73308431E-02  0.18630542     -0.20268857    
  0.34354383      0.44148490     -0.20568402      3.85144562E-03
  2.08087079E-02  0.62683368     -0.34812355      4.20637615E-02
 -0.51703775      0.58841622      -1.1212708     -1.85771810E-03
  0.23586369     -0.45268917     -0.35137185      1.37907593E-02
 -0.53493690     -0.37107566      0.47680074      4.23640795E-02
 -0.18455851      1.78217627E-02 -9.81823578E-02  5.35295419E-02
  8.94562677E-02 -0.20092091      0.55708265      8.27025920E-02
 -1.92745496E-02 -0.29508638      3.87945250E-02  4.47552279E-02
 -0.42215371      0.10603095      6.87332302E-02  4.47146855E-02
 -0.56845844     -7.49709979E-02  0.60178035      6.21307679E-02
 -0.25188065     -0.69446427     -0.33768365      2.23831404E-02
 -0.31353739     -0.81708914     -0.34262076      2.71093454E-02
 -0.49960080      0.23712711     -5.62445000E-02  2.93629821E-02
 -0.24167761      0.23614126     -1.89771932E-02 -2.38319263E-02
 -0.25069135      0.32133839     -0.36546621      8.31008404E-02
 -0.42278236      0.64223301      0.71128744      0.15617007    
  0.17999503      3.42197903E-03 -3.80630940E-02  2.75673792E-02
 -0.44015089     -0.37629977     -6.28140420E-02  4.32341173E-02
   1.6531980     -0.41346738      0.47643521      1.23373168E-02
 -0.58442986      0.10050533     -0.18870343      4.66702059E-02
  0.36902216     -0.53626019      0.18970394      2.49657743E-02
 -0.31560287      0.51362306     -7.32007101E-02  5.25067784E-02
  0.71130586      0.67171127     -0.40179634     -1.99685292E-03
 -0.49352759     -0.37154150     -0.40989295      1.75604224E-02
  4.34404910E-02  0.56509441     -0.41480607      6.44006860E-03
 -0.43380439     -0.45361224     -0.20701487      1.17377890E-02
  7.18146488E-02  0.33157796      0.19115384      4.02309932E-02
 -1.62538067E-02  0.13172352      2.52870992E-02  4.78852056E-02
 -0.75007725      0.29177618     -7.11104721E-02  1.66405812E-02
  0.10589115      -1.1494414      0.26883435      5.10037616E-02
 -0.23307548     -4.53911796E-02  0.54930693      3.49114425E-02
  0.25101608     -0.67177910      0.18991099      4.99329306E-02
  0.28605118      0.74972177      0.74961728      5.46324924E-02
 -0.26930732     -0.60508299     -0.71621966      3.05097438E-02
 -9.22389850E-02 -0.23185119      0.13912266      2.83491258E-02
  2.99003404E-02 -0.82200700      0.31419107     -8.74269474E-03
  2.31947135E-02 -0.14010043     -0.33065590      2.14039218E-02
 -4.17275317E-02  0.21394587      0.18642138      7.36635625E-02
  3.05855274E-02 -0.12762643      0.13253568      5.46017699E-02
 -0.29062915     -0.38989323     -0.70540923      7.26529434E-02
  5.88881671E-02 -1.10827284E-02 -0.53942740     -5.69833852E-02
 -0.33586162     -0.47125137      0.66861725      3.30782495E-02
 -0.54510248     -7.29005709E-02  0.12119380      2.77359858E-02
 -6.76127337E-03 -7.97346309E-02 -8.18617176E-03  2.76881587E-02
  6.92493841E-03  0.88284117     -0.47938970      4.27600034E-02
 -0.44656885      1.89228598E-02 -0.24095133     -4.06195130E-03
  0.80833542     -0.89011824      0.20088381      3.46590020E-02
 -0.28506371      4.76736389E-02 -4.33119237E-02  3.48295714E-03
 -0.66408771     -0.40806624      0.14987698      6.20481558E-02
 -0.48973319     -0.13091333     -0.20618445      6.25726655E-02
 -0.49108616     -0.35286638      0.38594094      7.28246048E-02
 -0.29430118     -0.50840271     -8.34496021E-02  6.45527467E-02
 -1.03690168E-02  -1.0096678     -0.15689471      7.67952725E-02
  0.36361560      0.31968161      0.27704358      4.36741896E-02
 -0.11605313     -0.19909951       1.0252430      7.42918719E-03
  0.60795897       1.2103086      7.97747672E-02  7.94565380E-02
  0.48488525     -0.14804085      0.43753284     -7.88353086E-02
 -0.25272465      0.28791070     -0.52270418     -1.39860006E-03
  5.27379736E-02 -0.67368650     -0.20998679      9.10620317E-02
  0.67683536     -0.78570008      0.31915292      1.46513693E-02
 -0.25897026      0.97487885      0.28402081      7.72245526E-02
 -0.12327127      9.67684090E-02  9.55859572E-02 -5.15528163E-03
  0.12966059     -0.27447617     -0.36633140     -8.46735667E-03
 -0.49003604     -0.32223448      0.56002462      5.31892776E-02
 -0.11659484     -0.61309361     -0.10925154     -2.48092655E-02
  0.53966945      0.59500980      0.20192797      0.12428361    
  0.16220388      0.15460612     -0.10046943      6.45483136E-02
  0.15643820     -0.57016903      4.43343706E-02  6.43430352E-02
  0.18375395     -5.53058460E-02 -1.47019941E-02  8.00145231E-03
  0.33199066      0.44262531     -0.14908360      8.30849283E-04
  0.11472566     -3.90361249E-03  2.44270544E-02  3.76596339E-02
  0.89679170       1.4941039     -0.15071973      6.92150518E-02
 -0.37193027      0.60627490     -0.15604553      6.46985397E-02
  0.41821414       1.0649717     -0.17572820      0.10248683    
  0.28757408     -0.31931546      0.12432601      5.06209806E-02
 -0.16282403     -0.34345046     -0.35102996      3.84433754E-02
  0.32823545     -0.18407133     -0.27960646      4.34562117E-02
  0.28778845     -7.65813813E-02 -0.22524779      5.51581755E-02
  0.52692807     -1.24857696E-02 -0.25847474      4.94435243E-02
  0.26360941      4.87094885E-03 -0.22126752      3.73040475E-02
  0.29192328     -7.06451982E-02 -0.22025748      5.26740439E-02
  0.28687292     -6.68396950E-02 -0.21475545      5.36290333E-02
  0.28589392     -9.26602036E-02 -0.20407617      5.48271127E-02
  0.15157737      0.25682214     -0.12316865      5.54137193E-02
  0.49761295     -0.34611532     -0.26040310      2.89308559E-02
  0.28382435     -7.45861083E-02 -0.23193897      5.51615171E-02
  0.43285236      0.29236615      0.21051235      3.22786458E-02
  0.89036202      0.13428576     -0.56784374     -6.79681823E-02
  0.33663476      0.18872413     -0.19483855     -3.27828317E-03
  0.65335763      1.24388179E-02  0.29517230      4.10333090E-02
  0.28534409     -2.40488444E-02 -0.26205984      4.49654125E-02
  0.10509029     -0.45537812      -1.0213768     -5.61253577E-02
  0.40063098      3.32272202E-02 -0.27638233      8.25310778E-03
  0.58338046     -8.23272392E-02 -7.76925087E-02  3.44164185E-02
  0.89543760     -7.60440230E-02 -0.10855284     -6.65363017E-03
  0.50697428     -0.20540269     -0.31286195      2.49067806E-02
  0.24691057     -2.48732790E-02  0.24599022      8.39220509E-02
 -7.12832585E-02  0.30697432     -0.49040776      1.68503337E-02
  0.23981325     -6.35531917E-02 -0.30253449      3.94541435E-02
  0.29383406      0.37361291      0.16195180      9.09968168E-02
 -8.67621675E-02  6.36646748E-02 -0.12137341      5.96775897E-02
 -0.23789486      0.48587501     -0.51650757      7.89032225E-03
 -3.32653970E-02  4.87177670E-02 -0.10172493      5.34682460E-02
  0.31312490      3.30762677E-02 -2.00920440E-02  1.82509888E-02
 -2.91756038E-02  6.11994825E-02  3.59944887E-02  2.21368987E-02
 -0.10743749      9.30309668E-02 -3.78081910E-02  2.71633100E-02
  0.20841393     -8.72527063E-02 -0.18854134      5.44151403E-02
  0.46774882      0.65833789      0.58294111      3.76323536E-02
 -2.56188540E-03 -0.15267318      2.93837506E-02  4.40849736E-02
 -2.59453021E-02 -0.10649833     -0.25012088      3.69676426E-02
  0.11000606      9.58877057E-02 -0.15058914      1.63341146E-02
  3.49435173E-02  0.30048570      0.15809464      4.54862677E-02
  0.10643569      0.33564225     -3.08539323E-03  4.93133292E-02
  -1.1040865     -6.98115006E-02  0.23372467      4.14982513E-02
  0.50764823     -0.14760922      4.88482118E-02  4.48731743E-02
 -9.53741558E-03  0.35267898     -0.33301267      5.52714542E-02
  0.17021269      0.47066543     -0.21091406      1.98102370E-02
 -1.59677528E-02 -0.24835104     -0.32210845      5.47253601E-02
  0.95856303       2.5046349       1.4577981      0.20297103    
  0.35293198     -0.48131910      -1.0723335     -6.04683869E-02
  0.21862584      0.26763809     -0.10602271      4.95760106E-02
 -0.78920525     -0.43261728     -0.37470311     -3.62874493E-02
  0.18054970       1.0776540      0.58558488      3.70674953E-02
 -3.20351832E-02 -3.59472558E-02 -0.37924421      8.73733461E-02
 -0.55828655     -2.45756507E-02 -1.58424340E-02  3.87471840E-02
 -0.14469744      0.15984392      0.39727741      6.39970973E-02
  0.43858910      6.83738366E-02 -7.05026686E-02  8.26030329E-04
  0.54212517      0.71130848      0.32189050     -2.13955369E-04
  0.13317619      5.19579742E-03 -7.30021074E-02  2.76106019E-02
  0.18569113     -3.08211315E-02  5.83779365E-02  2.33264826E-02
  0.13740778     -0.36692205     -7.86933228E-02  2.80793123E-02
  0.52316821     -0.21665245      0.49743560     -2.27948166E-02
  0.54194391     -8.79364759E-02  0.46366379      9.51346830E-02
 -0.30439922      0.54782742      0.20639384      2.19243485E-02
  0.35775638      5.15970252E-02  0.41746780     -1.86671875E-02
  0.26402551      0.59979135     -0.12493042      4.26581949E-02
  0.11186093     -0.19391727      1.02485791E-02  2.91468687E-02
  0.43363693     -0.94433177      0.12537500      4.08196039E-02
  0.46744245     -7.02862144E-02 -7.77870044E-02  1.85386409E-04
  3.26950401E-02 -2.13560089E-03 -6.77363062E-03  3.38642634E-02
  0.12073029     -0.21869980     -0.31078482      5.98223843E-02
  0.66553146     -0.21998943     -0.14573231      1.60722546E-02
  0.56362486     -0.31122091      0.13841064      6.15562610E-02
 -0.14682658     -5.00703044E-02 -0.24747877      6.00807779E-02
  0.25123385     -0.16320840      0.41144425     -4.51799296E-03
  0.57154536     -6.24742433E-02 -0.52006489     -1.45174516E-03
  0.26188847      0.14643821      0.32434779      7.02873915E-02
  0.33954239      -1.2223040      0.13730708      4.13173176E-02
  0.12547646     -0.86921120     -0.19307745      3.19479965E-02
  0.89886081      0.85137498      2.41633737E-03  2.71399170E-02
  2.93641631E-02  0.37994075     -0.31946081      5.79151213E-02
 -0.14159423     -0.17995089      8.81034955E-02  5.13011664E-02
  0.34586993      6.77979812E-02  0.46579418      8.74283090E-02
  6.64310753E-02  0.31151232     -0.45969060      2.31927801E-02
 -3.19783539E-02 -4.35101278E-02 -8.02788287E-02 -2.17720168E-03
 -7.80161619E-02  0.16402246     -4.99106087E-02  2.90538073E-02
  0.16375746     -2.95190122E-02 -4.01539952E-02 -7.98300356E-02
 -4.36078943E-02  0.21554582      0.24521543      3.05855181E-02
  7.97023550E-02 -0.74270260      0.24988207      0.11063995    
  0.25372928      8.41664076E-02  0.12879911      4.48208191E-02
 -0.25645408     -0.16969240     -0.61351287      7.78047293E-02
 -5.31167798E-02 -0.26187116     -0.56031442      5.98397851E-02
 -0.33515975     -0.50986630     -0.94322783      5.23343310E-02
 -0.65999991       1.0227727      0.29798242      0.14425762    
  -1.2923001     -0.83172709      0.65523642      4.23945747E-02
 -0.18795177     -0.16030677      0.15890105     -7.85775036E-02
 -0.50858825     -0.70421302     -0.80377996      6.47949725E-02
 -2.32410096E-02 -0.10205547     -0.10439828      7.76832039E-03
 -0.31085932     -3.93268391E-02 -0.86778086     -3.52695510E-02
 -0.52122003     -0.19436246     -0.78595722     -3.67962718E-02
 -0.19837035      3.02581266E-02 -0.94018924     -6.51145680E-03
 -0.12246973     -0.23041005     -0.67724860     -2.22309027E-02
 -0.28118297     -0.12543185     -0.80336720     -3.36652324E-02
 -0.36167940     -3.26844640E-02 -0.84772903     -3.55101898E-02
  0.43991035      0.81072700     -0.45799083      6.21736497E-02
 -0.16576244     -5.02246246E-02  7.37358909E-03  6.23727366E-02
 -5.10314703E-02 -0.43940166      0.58373332      2.27432605E-02
  3.30218710E-02 -0.15893611      0.33401448      1.21742077E-02
  0.17891750      0.15152757     -9.18305665E-02  1.72596332E-02
 -0.98605794     -0.84161007      0.61601728      0.11106648    
 -0.21131317      0.63047433      0.32096025      3.31591591E-02
  0.22761622     -0.26479340      0.18874951      6.28861710E-02
 -0.21428472      6.13031769E-03 -0.15841001      2.07955316E-02
  7.05644935E-02 -0.32638067     -0.24928945      1.67063586E-02
  0.26483628      0.27797884     -0.11989637      1.56467669E-02
 -0.55260748      -1.0394106      0.21001288      3.87736894E-02
 -9.16577131E-02  0.20521279      0.58532280     -2.59771962E-02
 -0.49253851     -0.22192070     -0.33560178      0.12444013    
  0.96171474     -0.70413452      0.62915504      4.64894362E-02
 -0.99917579      0.64890796       1.7216010      0.21081796    
  0.86207676     -7.87600316E-03  0.24983530      4.36489545E-02
  5.89990132E-02  0.41236362      0.12701419      2.78869346E-02
 -0.47334647     -0.40890783     -0.53550166      4.38839309E-02
 -0.11519951      5.62809221E-02 -0.40162557      4.66912612E-02
   1.2021846     -4.89262640E-02  -1.0674896     -6.73741624E-02
  0.26512513     -0.65964431      0.11884011      2.36413535E-02
 -0.37769711     -0.14969094     -0.76693118     -5.34103326E-02
 -0.29886404     -9.56872404E-02 -0.20751435     -7.26967454E-02
  0.10522906      0.28670213     -0.20808496      5.42924702E-02
  0.34221533      -1.1395288      0.37568328      7.61223957E-02
  0.28110605      0.65406024      0.92890966      8.34473968E-02
 -0.17259781     -4.18701991E-02  -1.1437225     -3.56014371E-02
  9.01312828E-02  0.14181925     -0.49166214     -1.86059214E-02
 -0.10640395      0.25360817     -0.56535524      2.66846400E-02
 -0.38133574     -2.95855217E-02  5.73560707E-02  2.93665398E-02
  0.21180831      0.27340662     -0.63736635     -1.86042786E-02
  0.17056820      0.57413524     -0.83176512     -5.27417362E-02
  0.22983336      0.64023006     -0.82619667     -6.27554432E-02
  0.23933932      0.66754091     -0.86557120     -6.64982423E-02
  0.18200500      0.12874608     -0.54354542      1.99479749E-03
  0.18737727     -0.31745088     -0.37711626      7.27810636E-02
 -2.91783456E-02  0.20049465     -0.37281600      2.14925259E-02
 -5.25093339E-02  0.19833353     -0.44108751      1.83510333E-02
 -6.20799288E-02  1.19055165E-02 -9.63906050E-02  5.59027083E-02
  3.55372950E-02  0.76460528     -0.70536542     -6.50014654E-02
  1.43432124E-02  0.75348598     -0.63863653     -7.19246045E-02
  4.89138812E-02  0.77881956     -0.73849976     -7.05722570E-02
  0.25085047      0.49812201     -0.86926776     -3.94309498E-02
  0.18436742      0.23064660     -0.76064950     -1.33485664E-02
 -4.05540429E-02  0.21414523     -0.46077123      3.00354045E-02
  0.27075097      0.47240734     -0.84761655     -3.86704504E-02
 -6.06210567E-02  0.58920681     -0.53926700     -5.44157624E-02
 -0.13573243     -0.27255568     -0.25350243      7.22548291E-02
 -9.04483497E-02  0.64623630     -0.66886520     -6.15533032E-02
 -4.34391983E-02 -9.01784450E-02  2.57216860E-02  5.67251444E-02
 -1.76237021E-02  0.27058506     -0.39225078      1.39445774E-02
 -6.39574975E-02  0.25565839     -0.41158560      1.11369789E-02
  0.25023600      0.62964952     -0.92338043     -5.93875870E-02
 -0.11646313      0.11605193     -0.36505350      2.23381370E-02
  0.20596114      0.31023511     -0.73430187     -3.00201140E-02
  0.13178211     -0.36800992     -0.38721165     -7.50725763E-03
 -0.11439411      0.26391619     -0.36188531      4.29306217E-02
  2.80834883E-02  0.70253104     -0.76568830     -5.57218008E-02
 -8.04215204E-03  0.22302884     -0.41379017      2.20456682E-02
  8.14076588E-02  0.74335283     -0.67327368     -6.67883009E-02
 -0.14914288      0.24920480     -0.36294001      4.27627154E-02
 -1.61867850E-02  0.79136556     -0.69839770     -8.04811716E-02
  0.18177404      0.28054422     -0.54215169     -1.37784472E-02
 -0.32367116     -0.35029435     -0.18463874      0.10721174    
  0.14198473     -9.27264243E-03 -0.52850825      2.08525416E-02
 -0.16495526      0.24644414     -0.25535759      4.08121720E-02
  4.21223836E-03  0.73056698     -0.68920231     -7.01317862E-02
 -0.55602294     -0.45577902     -0.35148937     -3.54125425E-02
 -4.86712754E-02 -0.38443032     -0.20803912     -6.16572015E-02
 -0.14539783     -0.62713331     -0.51613772     -2.88405195E-02
   1.8493102     -0.32755768      0.21315549     -5.35946302E-02
  4.31591384E-02 -0.76726514     -0.11217698      8.71652178E-03
 -0.64674807     -0.33340776      0.34582633      6.06398433E-02
  2.76553370E-02 -0.79215008      4.69212420E-02  1.75358150E-02
 -9.41265374E-02 -0.82691509       1.4954993     -7.01145362E-03
 -0.29203203      0.22598806      -1.5243435     -2.73469761E-02
  3.13594043E-02  0.63235211     -0.31698355      3.93375717E-02
 -0.28731352     -0.43044296      2.81429105E-02 -3.45249549E-02
  0.19469956      0.13470870      0.44432271      7.93763921E-02
 -0.56842512     -0.51457083      0.64223540      8.56381282E-02
 -0.32217336      0.38893241      0.13997148     -7.73806963E-03
  0.71205169      0.87030113      0.77259868      0.12559702    
  0.23000629     -2.12870762E-02 -5.55964485E-02  3.87248844E-02
  0.63228154      0.31750706     -0.15188178      7.01588020E-02
  0.22256918      0.34344968      5.83830811E-02  5.46561331E-02
 -0.78196895      0.71292627     -0.89679110      2.30229367E-02
 -0.24309604     -2.75085904E-02 -0.31486499      8.72288123E-02
  0.19602381     -0.58342087      6.90316334E-02 -3.26483026E-02
  0.35717657     -0.21273750      6.79801498E-03  2.91939266E-02
 -0.11237513      9.48287025E-02  -1.1300682     -2.55811345E-02
 -0.34937820      0.20915170     -0.30540940      3.52679864E-02
  0.11860767     -0.13185741     -7.60027170E-02 -1.74781382E-02
 -0.17874600     -0.30103922      0.29805478      3.55743654E-02
  0.14507411     -0.21270850      0.74476767      6.21190853E-02
 -0.44008142     -0.32335296      0.14684838     -0.10718364    
 -0.12680124     -9.41319168E-02 -0.81517226      2.41772411E-03
  0.27047384     -0.30853993     -0.74950325      4.69252206E-02
 -2.92581003E-02 -0.20695496     -0.42899182      5.51706962E-02
  4.88987565E-02 -0.15463330     -0.33202973      4.16827872E-02
  7.35409409E-02 -0.30013579     -0.54307348      2.55055241E-02
  0.40859717      9.20478371E-04 -0.45001861      2.09083855E-02
 -4.17870320E-02 -0.47693181     -0.35878342     -2.79831495E-02
  0.37593430      1.52080031E-02 -0.44086516      2.47418284E-02
  0.23093346     -0.20734102      -1.0902952     -0.10323845    
 -0.23627385       1.6591083     -0.86746842     -1.38589749E-02
 -0.89488786      -1.1150283     -3.45691964E-02  9.16761067E-03
 -0.76820445      3.87247540E-02  0.16307022     -0.12631255    
 -0.47061789      0.80911690      0.21481583      5.33941202E-02
 -2.94856932E-02  0.56854355      0.35458854     -7.93164223E-03
  0.84252208      0.53827727     -0.41991803      2.27836967E-02
  5.86403981E-02  0.36109275     -0.77879858      1.07318973E-02
 -0.30773133      6.90391511E-02  0.81906885      5.43734282E-02
  0.52102280     -0.15639283      0.95622355     -2.14097314E-02
  0.52248120      0.80303341     -0.91272002      1.56942736E-02
 -6.61111474E-02  0.23918526     -0.23855445     -4.80072713E-03
 -0.10959315     -0.17718491      0.52032787      4.97322939E-02
  0.29855222     -0.43987399     -0.67005754      3.44736502E-02
 -0.41570354      -1.4416268       1.6604344      0.23072314    
  2.86997054E-02  0.24430695     -0.25516105     -5.29158488E-03
 -0.78610241      -1.2326241     -0.40557316     -1.13236289E-02
  0.92550504     -0.19462168     -0.27367482      0.13320164    
  0.56588393      0.38252747     -0.27433690      0.16000690    
 -0.19731870     -0.33532897     -0.56943160      3.21714021E-02
  0.22769445     -0.29697642     -1.07318964E-02  1.34037388E-02
  0.18901330     -0.56057596      -1.0831165     -1.86468065E-02
 -0.59288347     -8.03063884E-02 -4.21552779E-03 -7.80644193E-02
 -0.49763539      0.32462418     -0.36224464     -8.31103399E-02
  0.50914592     -0.10565845     -0.53130329     -2.87994952E-03
 -0.21066208     -0.27965447     -0.34553322     -2.40440364E-03
  0.27194411      0.25158843     -0.69440734     -1.54083418E-02
 -0.10866351      0.42200413     -0.29730731     -2.16427073E-02
  0.61028314     -0.54526782     -6.04462363E-02  2.45022252E-02
  0.55423778      0.13901132      0.17394470      9.68744326E-03
 -0.43249953     -0.75239938      0.67532909      6.39221724E-03
 -0.25088134     -0.46279618     -9.46102887E-02  8.03365558E-03
 -5.46598546E-02 -0.24402079      7.42706284E-02  1.46278068E-02
 -4.37777415E-02  0.29710203      0.25366938      4.03079623E-03
 -0.23348737     -1.14767142E-02 -0.36806244      6.20327592E-02
 -0.27642575      0.12968671      -1.2813820      1.74692776E-02
  0.43858510     -0.81018436     -0.29645738      0.10265420    
 -9.97865275E-02  0.57156146      6.30600303E-02  0.14709303    
 -0.66218108      2.08290070E-02  1.65281054E-02 -4.60666157E-02
  6.34831414E-02  0.10632151      0.16347812     -8.14272091E-03
  0.27211493     -0.39445201       1.3321987      0.16934727    
  9.07797217E-02 -9.49334279E-02  0.34327042      2.43882593E-02
 -0.48714453      0.25424668       1.0541695      2.95859016E-02
  3.65471393E-02 -0.68935376      0.27687499      1.04865236E-02
  0.83017081       1.1365813     -0.26471731      8.80723819E-02
 -7.47345686E-02 -0.10666992     -0.17330895      8.42824671E-03
 -0.58271760     -0.57088089     -3.84634212E-02  1.81998089E-02
  0.39123774      5.92321120E-02 -0.12376024      3.97750363E-02
 -2.32361965E-02  0.37810099      0.12117505      4.35308255E-02
 -0.38094595     -0.84429246     -0.17158684      5.06566791E-03
 -0.25336882      0.26244181     -0.79543555      3.23947258E-02
 -0.20166878     -0.69578129     -0.16116832      2.08335742E-02
  0.22911346      0.35303357      0.39509898      4.66183200E-02
 -0.28883865     -2.84570418E-02  -1.1680069     -3.46594676E-02
  0.58221930     -0.29053375     -0.76753688      1.17716752E-02
 -0.23776585      6.39623925E-02  0.65933222      1.23942029E-02
  0.13235366      8.94955993E-02   1.0308712      5.39134704E-02
  0.34774458      0.11079967      0.62517750      5.31837046E-02
  0.70775443     -0.21829501      0.73525858      1.51261380E-02
  0.70203978     -0.11954421      0.61696011      1.69631504E-02
  0.93375295     -0.12674484      0.32358009     -1.21284528E-02
  0.27284101      0.82258481     -0.16081588      6.52032252E-03
  0.86044997      0.24087986      0.68606383      8.47825184E-02
  0.60937941      0.38002002      0.48339224      6.97003230E-02
  0.69617027      0.10388754      0.40494370      4.29701135E-02
  0.46616262      0.67959356      0.45985276      4.74580117E-02
  1.85942166E-02  0.26931357       1.1336569      0.11830789    
  0.71209866     -0.23318428      0.75256020      1.54794073E-02
  0.72947896      0.69613492      0.94634026      9.95513499E-02
  2.94673946E-02  5.96986115E-02  0.15586779      2.24120170E-02
  0.35301787      0.12808792      0.47461805      2.70829387E-02
  0.71940047     -0.26408690      0.67968321      1.92529149E-02
  0.87846255     -8.97214115E-02  0.33419466      9.99178039E-04
  0.99700493      0.37386781      0.38794604      0.10402326    
 -4.46196124E-02  0.33571815     -9.43634287E-02  4.07791063E-02
  0.46616256     -0.42684719     -0.48858991     -2.57150969E-03
 -0.22057982      0.10233176     -0.46072477      4.28034142E-02
  0.16601516      7.87848085E-02  4.27163765E-02  2.12211106E-02
  0.14887199     -0.11027928      5.19496351E-02  5.85313365E-02
 -8.83871838E-02  0.22161868      0.64182413      8.98372531E-02
  0.40996283      0.70658100      -1.1972178      1.38234999E-02
  0.28228399      0.34351566     -8.94435346E-02  3.08487900E-02
 -2.30360683E-02  0.21236390     -2.67496184E-02  2.30917502E-02
 -0.37589324      0.26319602     -9.33404639E-02  4.26647104E-02
 -0.20609680      0.19967873     -6.03165850E-02  8.96373466E-02
 -3.50512154E-02  0.37443882     -0.11204233      4.79938388E-02
  0.27034244      0.27055076     -0.10180694      6.33828994E-03
 -0.15105203      0.12780187     -0.57879353      9.03246575E-04
  4.72800247E-02 -0.32808834     -0.16457659      2.19791345E-02
 -0.40583968      0.54384184      0.60432321      9.47230235E-02
  0.33924431      0.61558110      0.18369763      5.53321950E-02
  0.10752676     -6.99300915E-02 -0.17381704     -9.51995328E-03
  5.17837517E-02 -7.16934204E-02  9.93738696E-02  2.58635245E-02
 -0.70902413      1.01293325E-02 -5.40614016E-02  1.46102384E-02
 -3.52573656E-02 -0.22338009      0.37975380      5.59168085E-02
  0.60534918      -1.2038234     -0.77724189     -4.84735854E-02
 -0.32013977      0.19518726      0.24659671      7.30813146E-02
  -1.5720985     -0.93478215      0.24544249      0.10593130    
 -0.57147223      6.15099147E-02 -0.16059291      3.10248267E-02
 -0.11777869      0.23650299      0.19539349      5.75412586E-02
  0.12208837      0.33720750      0.41069439      5.25517128E-02
 -6.33160099E-02  0.80217975      0.69104654      2.65651457E-02
 -6.60493895E-02 -0.36940923      0.24569434      1.49139492E-02
 -0.37960640      0.41682446     -0.40332988     -6.24298230E-02
  0.40676054     -0.32158279     -0.28945854     -3.43658775E-02
  0.19756036     -0.39648044     -0.11378034      1.59185249E-02
 -0.16445290     -0.45614165     -0.68641078      2.64688358E-02
  1.51706226E-02  0.49733204      0.24858457      3.95468250E-03
 -0.40925834      0.57340246      0.36288628      5.63779436E-02
  9.22140758E-03 -7.60416165E-02  0.11531769     -8.15691724E-02
 -0.53083920      0.51671839     -0.12236466      8.16124454E-02
  3.23773101E-02 -0.32858256      6.47270977E-02 -9.46328044E-03
 -0.48426640     -4.70223092E-02  0.65790761      2.32147481E-02
  0.60633552     -0.77433693     -0.26023847     -0.15917140    
  0.58905077      9.44751054E-02 -0.10254634     -4.32576658E-03
 -0.13416713     -0.10950747     -0.44850716      3.51543166E-02
 -0.46701998      6.96612373E-02  0.22050072      4.31215204E-03
 -0.63501716     -5.87072596E-02 -6.92260861E-02  6.17174208E-02
 -0.26342374      0.12685560     -0.30745578      3.88713032E-02
 -7.10588247E-02 -7.98319131E-02  0.15156250     -1.09378789E-02
 -0.45215467     -3.95768583E-02  5.25493361E-03  5.01305982E-02
 -0.38182580      0.55765498     -0.40965110      1.59441363E-02
  0.73819804     -0.16631959      7.29375854E-02 -4.27300408E-02
  0.16781509     -0.26132855     -0.57385623      2.70822458E-02
  0.14012283     -8.70935619E-02 -0.43424222      5.75888343E-02
  0.26915276      0.55313033     -0.35749948     -2.71093771E-02
  0.32364497      0.84014177     -0.69810736     -3.82369310E-02
  0.40346998      0.44153324     -0.17506580     -2.02875696E-02
  0.24213025      0.63601434     -8.54322910E-02  2.26533040E-02
 -0.34061339     -0.23975781      0.30328751     -3.86044662E-03
  0.71631759     -1.51507938E-02  0.38432091     -0.15331706    
  0.54005438      0.17335914      0.79599738     -0.11171225    
  0.40981731      0.69312811     -0.34813496     -6.03200458E-02
 -0.54957747      0.46664953      0.23609504      8.42271745E-02
  0.69980502     -0.11234669     -0.13789004     -8.95100012E-02
  0.82069677     -0.12737198       1.4256650      0.10706538    
 -0.41696504     -0.10661291     -0.26196000     -5.78895770E-03
 -0.72376347      0.71413857       1.1393633      0.11193120    
 -0.71607798       1.0764633       1.1851770      0.11668003    
 -0.46645913      0.55626196      7.46258199E-02  0.11609083    
  0.10140614     -1.26274470E-02 -0.14100538     -4.05844301E-03
 -0.34207782      -1.2243083     -0.16499802     -0.12136275    
 -0.46240470     -0.35107529      0.33007407      8.68919268E-02
 -0.46910390     -0.17699565      2.40198243E-02  8.16191435E-02
 -4.86342572E-02 -0.15442967     -0.13039856      4.45299745E-02
 -0.20767795     -0.35720918     -0.14809912      6.16969690E-02
 -0.64400381     -0.35710037     -0.66120583      6.38936162E-02
  0.27580246       2.3408027      0.94747114     -0.22545877    
 -0.70385748     -0.54108518     -8.34741518E-02  6.16783053E-02
 -6.06190637E-02 -0.69682217     -0.10444138     -4.43535065E-03
 -0.42615497     -0.19557142     -1.76689327E-02  2.99807675E-02
 -0.24534945     -0.31650630     -0.38816193      4.86199781E-02
  0.24622184      2.46115886E-02 -0.34603304      2.54070833E-02
  0.24223118     -4.82699536E-02 -0.27735609      4.04514931E-02
  0.39464828     -9.17105898E-02 -0.39134666      4.15896364E-02
  0.86895680     -1.67140756E-02 -0.46989229     -1.21566113E-02
  0.55405360     -0.28062734     -0.20025302      1.64345931E-02
  0.31250083      8.92453268E-03 -0.21986416      3.36795412E-02
  0.53226632     -0.19959523     -0.22049561      1.47538949E-02
  0.75167519     -8.49027336E-02 -0.23231636      2.20611896E-02
  0.39926428      5.61055467E-02 -0.30799660      2.96860971E-02
  0.67437375      1.01888785E-03 -0.38969401      9.84499976E-03
  0.58218473     -0.15682180     -0.11237490      3.88158523E-02
  6.61376640E-02  9.32911709E-02 -0.79394507     -5.56719899E-02
  0.38408712     -0.29123500      0.50873142      0.11769449    
  0.38751563      4.51211520E-02 -5.45442402E-02  5.85745685E-02
  0.21763881     -0.54406708      0.30278021      0.11439189    
   1.3447123     -0.10631762     -1.10608395E-02  0.12808625    
 -0.43978521     -0.32713839      0.40187562     -2.11153552E-02
 -0.77785146      0.33706564      2.26378385E-02 -6.17155470E-02
 -0.12904170     -0.20740072       1.1587111      8.68072920E-03
 -2.80912276E-02 -0.55158079      4.08909749E-03 -0.12135681    
 -0.50699252     -0.13022980      0.48710373      2.53006797E-02
 -0.16336894     -8.78064930E-02 -6.73872710E-04  6.74498305E-02
  0.42147875      0.51779753      0.39945170      8.32251459E-02
  0.26642829     -3.15744169E-02 -0.25220349      6.55704737E-02
 -0.20054242     -3.33597958E-02   1.1363183      3.54533903E-02
  0.45829007     -0.31783655      0.82217622      4.21027057E-02
 -0.18224445     -0.35246792     -7.15671405E-02 -1.17503013E-03
  0.26251006     -0.64093721     -0.21255279     -1.50487004E-02
  0.11329610     -0.76282805     -0.58809054     -3.97569872E-02
 -0.18623336     -0.31292143      0.26163825      1.09973205E-02
 -2.65315976E-02 -0.29683894     -2.70507801E-02  1.89578347E-02
  0.69294798     -0.34307563       1.1549760     -4.25674431E-02
 -0.38946375     -0.35661611      0.30464387      2.83949561E-02
 -0.10609641     -2.14692745E-02  8.65505543E-03 -5.63653968E-02
  3.48043852E-02  0.24754232     -0.30681005      3.63796800E-02
  6.23150123E-03 -2.76065450E-02  0.48493987     -1.83826648E-02
 -0.49456432      7.46217817E-02 -0.15968841      2.92916968E-02
  0.12776829      0.30245316      0.19407251      9.75432526E-03
 -0.51753122     -0.54279298     -0.19887045     -3.01766545E-02
 -3.78281251E-02  6.01277724E-02  0.17934342     -2.12418716E-02
  -1.3110288     -0.78321999     -0.47344333      0.15330593    
  -1.1158773      0.14600970      0.16115277      2.97714565E-02
  -1.3030301      0.52202338      0.83265316      5.64929582E-02
 -4.56182770E-02  0.26188171      5.24286367E-02 -1.09412603E-03
 -0.15790242      2.59245522E-02  0.48778468     -2.45378409E-02
  0.87806314      0.32495189      9.52484086E-02 -5.59587218E-03
  0.68685859      0.11300569      0.44870839     -3.17167453E-02
 -0.61440140     -0.17665464     -1.59811452E-02  7.91447163E-02
 -0.42527744     -3.22622508E-02 -0.77054822      1.01795001E-02
   1.5319695      -1.1839736     -0.45471197      1.38253812E-02
 -4.60603088E-02 -0.11865880     -0.26473624      4.36610542E-02
  0.39093077      0.26457182      0.63953191     -2.84016728E-02
  0.99837154     -0.20617805     -0.19034396      7.19181448E-03
  0.32579172      0.16162327     -1.08936466E-02 -2.20449194E-02
 -0.77653050      0.33073896      -1.0376716      2.03949213E-02
  0.13969469     -0.69154423      2.96317618E-02 -2.60947123E-02
 -0.47976160     -0.43679732      0.19063699      1.52286841E-03
 -0.33781499       1.0493730       1.2599586     -0.27617177    
 -4.66231629E-02  6.95028156E-03 -4.29618843E-02 -0.10972398    
  0.15601075      0.80726975      0.25585467     -7.52866119E-02
  0.41104701      0.40328407      0.21840926     -2.53739227E-02
 -0.26684326     -0.43005276     -1.08957849E-02 -1.43277654E-02
  0.56717700      0.49830648      0.42813313      1.99960768E-02
 -0.79291523      0.71236753      0.11212946     -0.20381863    
  0.11515053     -0.25078562     -4.39141020E-02  3.80307250E-02
 -5.50862253E-02  0.34152448      3.71113513E-03  3.14088687E-02
  0.66534513      9.98499244E-02  0.23126853      8.71045794E-03
 -0.93337095     -0.19339952     -0.75504923      4.66868989E-02
  0.22344406      0.34164220     -8.62660110E-02  2.23596506E-02
  9.99028757E-02 -0.49594107      0.54447496     -4.14711423E-02
  1.01987561E-02 -6.88850358E-02 -0.46544611     -1.11072045E-03
 -0.16112480     -0.14401795     -4.54197824E-02  5.00714825E-03
 -0.16308242     -0.42038053     -0.33192816     -1.55629795E-02
  0.49014646     -0.40927878      0.22416431     -1.15289707E-02
 -0.55521297     -9.46780816E-02  0.25528237      2.41277032E-02
 -7.45411068E-02 -0.65821779      0.17155211      4.81579602E-02
 -0.73157328      0.23017564      0.47239578      8.45017936E-03
 -0.71584898     -0.59923857     -0.14204241      6.43052831E-02
 -2.00771037E-02 -0.78481662     -0.37174296     -1.17597990E-02
 -0.10720062     -3.18008699E-02 -0.41631222     -1.22344857E-02
 -0.11351061     -0.33189547     -0.55061102     -1.46319252E-03
  0.27478597     -0.53540903     -0.60688502      4.94244043E-04
  0.48067445     -0.10388201     -0.56526643      3.49881197E-03
  4.74535450E-02  -1.3556738      0.66416574      0.11463718    
 -0.50898075     -0.15952586      0.67612022      8.60213190E-02
 -0.12090476     -6.71958774E-02 -0.18491721      3.27800289E-02
  0.25118762      2.41346881E-02 -0.22413670      4.05097716E-02
  0.14823453     -0.17382661     -0.37510505      8.13075807E-03
 -0.49742150     -0.68197870      5.76984184E-03  4.99565713E-02
  7.15344921E-02 -0.22459567     -0.28750181     -1.05081256E-02
 -0.10324225     -0.71841222     -0.27623096      1.88877266E-02
  8.70960504E-02  8.79858062E-02 -4.13572788E-02  1.89984590E-02
  0.20629558     -0.37808055     -0.41756499     -5.73064806E-03
  0.24357732     -0.44814920     -0.69481468     -3.34653556E-02
  4.91219610E-02 -0.50191230     -0.73014975     -9.85264592E-03
 -7.17286691E-02  4.46137376E-02 -0.26590651     -4.44242777E-03
  5.45243025E-02 -0.65657777     -0.20161466     -0.10307766    
 -0.17893481     -0.64535999     -0.26267076     -0.14145629    
  0.16535534     -0.32971486     -0.29089248      1.14077972E-02
 -6.05063103E-02 -7.68856555E-02 -0.12791239     -9.60291475E-02
 -0.74065095     -0.37373623     -0.17247844     -2.71745883E-02
 -0.21569249     -0.33829817      0.24826927     -7.86711946E-02
 -0.26729116     -0.57984364      0.12319539     -1.57375131E-02
 -0.39757705     -0.44555399      0.25790989     -2.85099093E-02
 -0.11123186     -0.38418958      0.59914201      6.52334616E-02
 -0.17397675     -0.15114525     -0.66996503      3.34175490E-02
 -0.19438195     -0.13646537     -0.61991465      4.45617065E-02
 -0.24255835     -0.16769768     -0.65966839      4.81582172E-02
 -7.74393678E-02  5.78321069E-02  0.13939814      2.33367570E-02
  7.69256875E-02 -0.13024682     -0.39958513      2.68863272E-02
 -6.52376339E-02 -0.43914536     -0.45896921      2.61029899E-02
 -9.78301913E-02 -0.26222226     -0.53731322     -8.04116298E-03
 -8.55901241E-02 -0.39116862     -0.26197952      3.97254340E-02
  9.98600423E-02 -0.29064134     -0.41078058     -1.27770763E-03
 -1.63025465E-02 -0.53389269     -0.38404906      3.61752026E-02
 -5.84573336E-02 -0.34298640     -0.38768774      3.24625261E-02
  0.27951622      0.22330108     -0.53998572     -1.82440765E-02
 -0.15430388     -0.45295861     -0.52523363     -1.86736360E-02
 -9.09977630E-02 -0.14043619      0.14956155      1.19264992E-02
  0.32225719      0.55410641      0.61778736     -6.29209280E-02
 -0.40393025     -0.95820844     -0.35729006     -1.01656616E-02
  0.25641832     -0.26496875      0.91218287      3.04399468E-02
  0.44190633      0.46865612      0.49497172      2.37031560E-02
 -0.37832761     -2.20111646E-02 -3.46129835E-02  2.20087878E-02
  0.74506491     -0.39981386      0.21755043      1.69182569E-02
 -0.78554535      0.22530539      0.44386628     -0.10006267    
  0.22011504     -0.43403319      0.31824908      3.49173807E-02
  0.52099615     -0.75651234      0.68607605      2.71143131E-02
 -0.15324551      0.19603771      0.28107831      6.94838986E-02
  0.38756692     -0.70345867      0.19293170      8.53844173E-03
 -0.56023669      0.44707516     -0.45641506     -0.19055009    
  0.10203659     -0.58702266      0.73864889      7.10895285E-02
 -0.25375214     -0.12719508      0.33311704     -8.20879564E-02
 -0.10750126      9.69392620E-03  0.22374088     -9.18673631E-03
  -1.1089157     -0.85670263       1.2587243      0.30269605    
  2.64678709E-02 -6.68567270E-02 -0.22871342     -6.53170496E-02
 -0.26365435      0.35218489     -4.90248241E-02 -1.46343056E-02
  0.29068834      0.44039536      0.80938953      3.57415117E-02
  0.49305126     -0.52201647     -0.66297513     -3.15480903E-02
  0.46553841     -0.41956422     -0.45367023     -1.95571352E-02
 -0.15590984      0.54636025      0.27267063     -0.10073272    
 -0.21599713     -0.32623109       1.1996272      8.29439983E-02
 -0.25954607     -0.44984594      6.73482120E-02  3.75918597E-02
  0.32250604     -0.23087142     -0.36191311     -4.71702637E-03
 -0.48986071     -0.41144997     -0.19521707     -4.49182764E-02
 -0.27264455     -3.91156636E-02  0.25169802      8.88652261E-03
 -6.83218837E-02 -0.86878890     -0.74758822     -5.53267449E-02
  0.11743417     -0.59882909      0.90413350      2.05123220E-02
  1.14677725E-02 -0.11169951      0.75327665      6.99949861E-02
  8.46695676E-02  0.21736403      0.91153210     -8.64358023E-02
 -6.80993944E-02 -0.17113397      0.34063426      9.40529779E-02
  0.34632784     -1.94595903E-02  0.71693319      6.78091124E-02
  0.36184013     -0.33011556     -3.06445118E-02 -3.35562900E-02
  9.58618671E-02 -6.25210535E-03  0.40084884      1.79164838E-02
 -0.21009965      0.47948301     -0.51975274     -6.55055791E-02
 -1.02519188E-02  0.49101096      5.28999381E-02  2.85749265E-04
  0.18099934     -0.35036635      0.14292699     -4.07654420E-02
  0.24683078     -0.26204917      0.34827861      6.17201179E-02
  0.17441636      5.31821623E-02 -0.41649756     -7.66191259E-02
  -1.0190015     -0.57557017      0.70512652      6.38652742E-02
 -0.83968878     -0.62844706       1.0353842      0.10969363    
 -0.51488477      2.55604088E-02  0.61056870     -2.35617347E-03
 -0.26982257     -2.82628797E-02 -4.95106429E-02  1.48539115E-02
 -0.10778698      4.89034913E-02  7.32809827E-02  1.82077177E-02
 -0.39685631      0.68543547      0.34887233      0.10083610    
 -6.92666173E-02 -0.28524449      0.74816579      1.32780895E-02
 -0.11693688     -0.28808498      0.19475812     -4.85225115E-04
  0.97978359     -0.62406135     -0.28902093     -3.09597999E-02
 -0.82950073     -0.28093874      0.10254414     -2.86211502E-02
  0.31187648     -0.24391291     -0.18065074     -7.48418225E-03
 -0.19830965     -0.27042446      0.22922243      8.92438926E-03
 -0.15439978     -0.28148380      0.24588086     -3.92300915E-03
  8.00545812E-02 -0.52617109     -4.71097417E-02  3.19799269E-03
  0.31654122     -0.84106874      0.12611617      7.78257567E-03
  0.24602805      0.11379280      0.16401902     -5.75168245E-03
  0.24577931     -0.36135286      0.20626912      3.37763056E-02
  0.46684673     -0.93452269      -1.3025265      3.64177674E-02
 -3.05685885E-02 -0.89666188      0.48591819      6.97626099E-02
  0.30496386     -0.60970700      0.43611774     -2.26645507E-02
 -0.52207178     -0.86470121      0.51926661      7.71386698E-02
  0.41477486     -0.78611225     -0.41823208     -2.15420518E-02
  0.59113938     -0.40633437     -0.83902770     -0.13394524    
  0.30555272     -0.60717988     -0.36729315     -2.59659439E-02
  4.63153161E-02 -0.75724441      0.57597619     -2.35413946E-02
 -0.83503509     -0.13906159      0.48118538     -1.05007309E-02
 -0.23695435     -0.80445838      0.98681039      5.69311716E-02
  4.85624038E-02  0.15354966     -0.70445228     -1.35274185E-02
  1.37421358E-02  0.10334013      2.68854108E-02  2.75617968E-02
  8.86121243E-02 -0.27102140      0.25740710     -2.84485966E-02
  0.42809179     -0.41754639     -0.91235387     -3.65651958E-02
  0.10547632     -0.29830652     -4.08786274E-02 -4.05092873E-02
  0.20683344      0.65692484      0.14772253      1.50004104E-02
  0.60085332     -0.36825153     -0.31527334      0.10703534    
 -0.31044841     -0.99768877       1.2484077      0.12238763    
 -6.84500113E-02 -0.84109366     -0.14719927      0.10854770    
 -0.31230009      0.21323186      0.79178685     -0.12612452    
  0.27027813      0.20578825      5.06749339E-02 -4.31432482E-03
 -0.41005740      2.07803957E-02 -9.64517146E-02  4.30659018E-02
 -0.21785307     -0.12289789     -0.14050901     -0.10987894    
 -0.40586445     -0.35265815      0.62234199     -2.69207358E-02
 -6.39205873E-02 -0.97579443      4.75472286E-02 -4.40590940E-02
 -2.62384247E-02  4.87779751E-02  0.40854764      9.94458981E-03
 -0.10279161     -5.87636121E-02  0.22329006     -3.59676545E-03
 -0.44357035     -4.99681532E-02 -0.28471231      4.64065187E-02
  0.84757042     -9.36348513E-02  0.21806334      2.72926223E-02
 -0.43144262     -0.26697028     -0.47009739      4.86184657E-02
  0.28407937     -0.27476341     -0.21510859     -3.77452485E-02
  0.30392405      0.23202591      0.53531313      1.75696742E-02
  0.26664621     -0.80919832     -0.51322675     -4.37028296E-02
 -0.31977183      0.40465090      0.30518967      8.05542320E-02
  0.36858702      0.55180562      -1.0776186      6.56066239E-02
  0.32405770      0.49643835      0.54810280      6.72376482E-04
 -0.14798021     -0.56801790      0.58732468      7.11171050E-03
   1.0436341      4.89159338E-02  9.59065929E-02  3.13942805E-02
   1.0985703      5.84722050E-02 -0.75434846      0.16187388    
  0.49291429      0.22389038      0.56355369      2.93623172E-02
 -0.55385208      0.70330942     -0.53913599     -0.14965713    
  0.95006299     -0.17976598      0.73367780      2.63188407E-02
  0.50950450      9.95804444E-02 -0.21253870      4.56574969E-02
  0.11694220     -5.29949293E-02 -1.39000779E-02  2.83625089E-02
 -9.02911946E-02  0.14604370     -0.48745376      4.91846874E-02
  0.41024441     -1.80876814E-02  0.22010504      6.84979707E-02
 -0.72129053     -3.99119109E-02 -0.19113837      5.61351255E-02
 -0.25743955      0.24586165     -0.74836558      1.84245259E-02
 -0.24981463      0.23250516     -0.81721485      1.91152394E-02
  0.68652683     -0.12768169     -0.70432138     -8.92227143E-02
  0.36756861     -0.85006261     -4.74141240E-02 -5.43902218E-02
  0.32306957     -0.59595519     -0.27957773     -2.75781974E-02
 -0.21731547     -0.76084435      0.24583794     -1.35981254E-02
  0.27567375     -0.38554552      0.27049184     -9.91917402E-03
 -0.44453290     -0.14130370     -0.18033133      5.57731912E-02
  0.31621587      7.10146651E-02  8.65479633E-02  5.91245107E-02
  0.25778139      1.00170281E-02  0.18779305      8.19463059E-02
  0.17265798     -8.97027738E-03 -0.10551830      1.84698924E-02
 -4.34469730E-02 -0.23915637     -0.84136635     -4.44942266E-02
 -5.26780169E-03 -0.41553760     -0.23834644     -9.31747034E-02
  5.91062456E-02 -0.13845631      0.19808845      3.36065218E-02
 -0.32863954      3.26145664E-02 -0.27852279      2.54733879E-02
  9.76663753E-02 -0.64272648      1.10365143E-02  2.22715363E-02
  0.10242290     -0.25415826      0.44713587      6.77838624E-02
 -0.18363126     -0.26329449     -0.29179886      2.70834542E-03
  5.94383478E-03 -0.32947949      0.22613905      1.49543211E-03
  0.29900181      0.62848908      0.10247105     -6.81950897E-02
 -9.46085006E-02  0.24115008      4.55025882E-02  1.67929567E-02
 -0.18905804      0.34728378     -0.13005036      9.24832467E-03
  0.26092067     -0.36979720      7.75343701E-02  8.87552556E-03
 -0.66302061      3.51245031E-02 -0.34845677     -1.09937154E-02
 -7.88415521E-02  0.31760755     -0.93560296      1.68678258E-02
 -7.37824067E-02  0.24249558     -0.64008307      3.08803730E-02
 -0.12126432      0.19541851     -0.57882816      4.01174054E-02
 -1.02590155E-02  0.26273954     -0.51299530      7.57953450E-02
  0.22165585     -9.54011604E-02 -0.17593442     -5.19252419E-02
 -0.10533748     -6.43596500E-02  0.58860481     -3.06066796E-02
 -0.40826526     -0.17503761      0.11224954      3.38588990E-02
  5.93623556E-02  0.33564785     -0.85237873     -8.33187997E-02
 -0.49198282     -0.44851518     -5.41209579E-02  8.44916981E-03
  0.44074485     -0.59274572     -0.18899825     -1.64890662E-02
 -0.69027287     -0.37716755     -0.20649324     -2.61300467E-02
  0.59957910     -0.21960522      0.17608108      2.27848422E-02
 -0.19187841      3.06603946E-02  0.20704703     -1.72959939E-02
  0.56905317      0.55371290      0.28574061      0.11312626    
 -0.14822361     -0.60915887      0.25125495     -7.26919770E-02
  0.99548465      0.70582980      1.75587311E-02 -0.16329086    
  -1.0990475     -0.39367369      4.85359989E-02 -2.75823362E-02
 -0.23334086     -0.53518349     -0.17331992     -3.63536319E-03
 -0.98806238     -0.40115729      0.23929217      2.65557505E-03
  0.67402256      1.50570255E-02   1.0037552      5.05990423E-02
  3.05655971E-03 -7.32915327E-02  0.16495351      4.69422061E-03
  0.28917611     -0.10465061      2.95594893E-02 -1.29704233E-02
  0.37641844     -0.54416019      0.93083280      2.61567831E-02
  0.27368563     -0.14241496      0.85783911      3.02158371E-02
  0.22722416     -0.56857681      0.77130544      1.62252877E-02
 -0.49990135      2.86117196E-03  0.30087245      4.25204961E-03
 -0.55220479     -6.90241531E-02  0.38022050      6.08107541E-04
 -0.72780806      0.33717182      0.33079097      1.28529295E-02
  6.74979389E-02  0.17448580     -4.89937514E-02 -1.36916731E-02
 -0.81942290      5.25889061E-02  0.12808156     -1.46008348E-02
  -1.2383811     -0.34616566      0.61945844      6.16646148E-02
 -0.50102079     -0.29112047      0.56156021      5.31352609E-02
 -0.34479126     -0.30610389      0.44784197     -2.04622205E-02
 -0.33880100     -0.23606029      0.27878678     -7.23463073E-02
 -0.28878877     -0.73163903      0.45942274      3.63245942E-02
  0.46021488     -0.43423527      0.53034031      5.33759296E-02
  5.47314472E-02  0.76394248      0.40853834      2.89082993E-02
 -0.35507885     -7.16569051E-02  0.21004134     -9.47880894E-02
 -0.37346911      0.49326319      0.19417799     -1.16502186E-02
  0.19055216      9.94620174E-02  0.95769435     -5.12201935E-02
  0.72910619      -1.3559011      0.29337808      2.15646476E-02
  0.59305465     -0.35457170      0.74314457      1.33623253E-03
  0.19464760      6.35016933E-02  7.20040202E-02  2.83028968E-02
  0.18961194     -0.41100460      0.36124358     -2.73890160E-02
 -0.34575385     -0.10231814      0.72025377      0.15300098    
 -0.38924873      0.35085940     -0.25075126      3.38504240E-02
  0.35734031     -6.30595833E-02  0.26640519     -2.48513259E-02
  0.31970331     -0.17615339     -0.43454754     -4.37200963E-02
 -0.24596174      9.70196202E-02 -0.10065462      3.64365876E-02
  1.45346234E-02  5.05356044E-02  0.29403752     -7.04040304E-02
 -0.56452858      0.17639935     -3.82400118E-02 -0.16856766    
 -0.41775581      2.54033729E-02  0.17623363     -4.29898724E-02
  0.32680303     -0.16927180     -4.84997407E-02  3.46669517E-02
 -0.16029921     -0.22051464      0.22030632      1.65345985E-02
 -0.66270727      0.19482040     -0.10968664     -0.14310770    
  8.65750387E-02 -0.19887571      3.41766626E-02  4.43659201E-02
  3.21837030E-02 -0.31042543     -2.71716304E-02  4.67006397E-03
  4.76675481E-02  0.44532654      0.94430709      0.10633437    
 -0.34954157     -0.52027994      -1.0279943     -7.38119781E-02
  4.20937240E-02 -0.33917248     -0.22170790     -1.96825489E-02
  1.08520668E-02 -0.31501934      0.27659783      3.42134684E-02
 -0.59455854      0.16577084      0.10115813     -0.14812940    
  0.51190156      0.39363956      4.64761816E-03 -2.27450039E-02
  -1.1684046      0.77258921     -0.81635189     -0.19288628    
  0.54413766      0.37519598     -0.99421906      4.56252806E-02
 -0.88579994      0.43828413     -2.36101095E-02 -0.11988156    
  0.63839912     -0.53122455      0.77679735      6.95382208E-02
  0.70457745     -0.13785455      0.70147651      4.47082147E-03
  0.37727687     -3.03581785E-02 -0.55280322      2.26344354E-02
 -0.83861852      0.60221463      0.76430559     -0.17600600    
  0.26772347      0.48742935      0.20027819     -2.31950823E-02
 -0.37604195     -8.85323510E-02 -0.35056737      1.78143512E-02
  0.14086638      0.11659355     -2.67359335E-02  9.69463587E-03
  0.50015235       1.6877791       1.6161693      1.58550497E-02
 -0.26540422      8.56974348E-02  3.56739610E-02 -5.29701523E-02
  1.67938601E-02  0.22794200     -0.16372122     -6.95129558E-02
  0.80009252      6.60474747E-02  0.18409030     -2.72930693E-03
  9.70950648E-02 -0.37215087     -0.61237699     -1.65178925E-02
 -0.71307564      0.60993361     -0.44835827     -4.46284041E-02
 -0.34227169      0.10032789      0.45277834      2.43378356E-02
 -0.45937333      0.90088624     -0.24897933     -5.07705212E-02
 -0.51839077     -0.13038003      0.56566733     -2.45261956E-02
 -0.45095724      0.14123957      -1.1678051     -0.16782136    
  0.42486399      0.21114406      0.40910375     -1.85253248E-02
 -5.29327877E-02 -8.86080191E-02  0.28903702     -6.28856942E-03
  0.30892643     -0.75348663      5.46727888E-03  1.48897273E-02
 -0.26905015      0.13782683     -0.16088717     -8.46384792E-05
 -0.32065281     -0.30815908      -1.6690561      0.10403772    
  0.40128627     -0.62687618       1.0717620      0.11445900    
 -0.30304760     -6.82125539E-02  0.46907437     -3.55480723E-02
  8.18932056E-02  0.15532631      0.10599768     -8.12100992E-02
  0.22323987      0.17535689      0.70003164     -1.92271993E-02
 -0.49719194     -0.10897427      0.10545390     -0.11590442    
 -2.41904752E-03 -2.58845631E-02 -0.12535691     -2.20547989E-02
  0.45440158      0.50878203     -0.37953013     -8.00337046E-02
  0.38821346      0.15162188      0.26878747     -7.75493085E-02
 -0.71753263     -7.23093450E-02  0.24362555      2.08151201E-03
 -0.70622355      0.15985471      0.31691328      6.19359501E-03
  0.24818662     -0.74604964      0.18400969      1.84294023E-02
 -6.45622909E-02 -0.27655262      0.38596693     -5.80007322E-02
  0.17295173     -0.45702422     -0.38856328     -9.39905792E-02
 -0.24347624      3.09886821E-02  0.44851610     -0.12088143    
  0.31301287      0.25068498      0.36150634      2.93025691E-02
  0.11216871     -8.65310729E-02 -3.79267894E-02 -2.28657145E-02
 -5.87136112E-03  0.10685591     -0.22318426      2.60555930E-02
  0.86030239     -0.44092160     -0.28995949      0.15659718    
 -0.16309252     -0.13087171      0.21113439     -2.03259140E-02
 -5.68366013E-02 -0.47604480      0.11309654     -2.57553607E-02
  0.11808521     -0.20836128      0.17396116     -7.63503183E-03
  0.16493940     -0.47169816     -0.75670648      1.54725313E-02
 -0.38063878     -0.18831539     -0.36146456     -7.84119889E-02
 -0.19063076      5.29095903E-03  0.34549949     -3.10040303E-02
  0.87504822     -0.25285444     -0.12475493      8.16644877E-02
 -0.32603413      0.16515370      0.53739238     -3.58654326E-03
 -9.37166438E-02 -0.25480098      0.22930904     -0.11024031    
 -6.57951012E-02 -0.23270831     -0.18472691      2.35922877E-02
 -0.15798999     -5.31412661E-02 -8.62351656E-02 -5.63946590E-02
  4.72375378E-03 -0.37203982      0.17481592      4.89095785E-02
  0.46207792      0.12105377     -0.16884471      1.14554865E-02
  0.61521673     -0.53014547     -0.27658734     -3.20899896E-02
  0.34665623     -5.93535751E-02  3.07228183E-03  2.25190092E-02
  9.92756709E-02  0.30631372     -0.43638840     -5.47893606E-02
   1.4445245       2.3516290      0.49483189      9.04685631E-03
   2.9210105      -1.3530166       1.5901159     -0.16095856    
 -0.56430894      0.41107887     -0.82550859     -8.66248552E-03
 -0.94458735     -0.17676848     -0.26144841     -2.68282630E-02
  0.11688324     -4.68418263E-02 -0.26584744     -1.47416331E-02
 -0.33358940      -1.1106914      0.17989013      3.65706272E-02
  0.22889780      -1.1761998     -0.67201567     -6.14637136E-02
  -1.5448451     -0.86632711      -1.3135775     -1.64276008E-02
 -0.53446490       2.0778363      -1.2309568      6.92387819E-02
 -8.61985385E-02  0.96963686      0.96361643     -2.19633393E-02
   1.2833382       1.7884897     -0.92712700      4.64431802E-03
 -8.84995516E-03 -0.85193205       1.1016278      0.12032316    
  0.75747800      -1.1333344     -0.77209044     -7.12274015E-02
 -0.90423727       1.1351746      0.18623453     -3.93817909E-02
  -2.1286714       2.3395269      0.23197564     -6.85651824E-02
  5.33615835E-02   2.3326874      -1.0445167      4.76891501E-03
  -1.4762408     -0.61064136      7.21948892E-02 -2.94578616E-02
  0.50347787      0.42703214      -1.4272256     -0.12337341    
  -3.1224039      0.39567679      -2.5161717      7.31691271E-02
  0.59395075      -1.6975268      5.17720208E-02  6.70419559E-02
 -0.10425889      0.20415230     -0.51067764     -5.41198552E-02
 -0.23169734     -0.24496998       1.0546731      5.42659611E-02
 -0.27345952     -8.11370015E-02  0.56226212      4.26134206E-02
 -0.90307856     -0.33046651      -1.0988102     -7.76149035E-02
 -0.10658456      0.46438608     -0.95562959     -4.22778949E-02
