>
-67.181000 -22.173068
-67.149466 -22.177938
-67.121343 -22.192020
-67.099676 -22.213792
-67.086812 -22.240896
-67.084151 -22.270398
-67.091986 -22.299101
-67.109474 -22.323894
-67.134723 -22.342086
-67.164995 -22.351705
-67.197005 -22.351705
-67.227277 -22.342086
-67.252526 -22.323894
-67.270014 -22.299101
-67.277849 -22.270398
-67.275188 -22.240896
-67.262324 -22.213792
-67.240657 -22.192020
-67.212534 -22.177938
-67.181000 -22.173068
>
-67.181000 -22.083136
-67.117970 -22.092869
-67.061747 -22.121018
-67.018409 -22.164543
-66.992654 -22.218737
-66.987291 -22.277738
-67.002925 -22.335154
-67.037886 -22.384756
-67.088394 -22.421160
-67.148970 -22.440408
-67.213030 -22.440408
-67.273606 -22.421160
-67.324114 -22.384756
-67.359075 -22.335154
-67.374709 -22.277738
-67.369346 -22.218737
-67.343591 -22.164543
-67.300253 -22.121018
-67.244030 -22.092869
-67.181000 -22.083136
>
-67.181000 -21.993204
-67.086512 -22.007795
-67.002211 -22.049995
-66.937199 -22.115254
-66.898526 -22.196525
-66.890421 -22.285021
-66.913819 -22.371157
-66.966234 -22.445587
-67.042011 -22.500220
-67.132924 -22.529110
-67.229076 -22.529110
-67.319989 -22.500220
-67.395766 -22.445587
-67.448181 -22.371157
-67.471579 -22.285021
-67.463474 -22.196525
-67.424801 -22.115254
-67.359789 -22.049995
-67.275488 -22.007795
-67.181000 -21.993204
>
-67.181000 -21.903271
-67.055092 -21.922714
-66.942734 -21.978950
-66.856045 -22.065924
-66.804428 -22.174258
-66.793541 -22.292247
-66.824667 -22.407112
-66.894520 -22.506386
-66.995576 -22.579266
-67.116858 -22.617810
-67.245142 -22.617810
-67.366424 -22.579266
-67.467480 -22.506386
-67.537333 -22.407112
-67.568459 -22.292247
-67.557572 -22.174258
-67.505955 -22.065924
-67.419266 -21.978950
-67.306908 -21.922714
-67.181000 -21.903271
>
-67.181000 -21.813339
-67.023710 -21.837628
-66.883317 -21.907884
-66.774949 -22.016555
-66.710359 -22.151938
-66.696652 -22.299415
-66.735468 -22.443019
-66.822743 -22.567153
-66.949087 -22.658300
-67.100771 -22.706508
-67.261229 -22.706508
-67.412913 -22.658300
-67.539257 -22.567153
-67.626532 -22.443019
-67.665348 -22.299415
-67.651641 -22.151938
-67.587051 -22.016555
-67.478683 -21.907884
-67.338290 -21.837628
-67.181000 -21.813339
