>
-67.958456 -21.993204
-66.403544 -21.993204
>
-67.958456 -22.263000
-66.403544 -22.263000
>
-67.958456 -22.532796
-66.403544 -22.532796
>
-67.472528 -22.982500
-67.472528 -21.543500
>
-67.181000 -22.982500
-67.181000 -21.543500
>
-66.889472 -22.982500
-66.889472 -21.543500
>
-67.181000 -21.813339
-67.150281 -21.814242
-67.119685 -21.816945
-67.089334 -21.821440
-67.059348 -21.827706
-67.029847 -21.835721
-67.000950 -21.845450
-66.972772 -21.856857
-66.945424 -21.869895
-66.919017 -21.884512
-66.893657 -21.900650
-66.869445 -21.918244
-66.846478 -21.937224
-66.824850 -21.957514
-66.804645 -21.979033
-66.785947 -22.001695
-66.768831 -22.025408
-66.753367 -22.050080
-66.739616 -22.075609
-66.727635 -22.101894
-66.717474 -22.128830
-66.709174 -22.156308
-66.702769 -22.184218
-66.698286 -22.212448
-66.695745 -22.240884
-66.695157 -22.269412
-66.696525 -22.297917
-66.699846 -22.326285
-66.705107 -22.354400
-66.712287 -22.382150
-66.721359 -22.409423
-66.732289 -22.436107
-66.745031 -22.462097
-66.759537 -22.487286
-66.775747 -22.511573
-66.793599 -22.534859
-66.813019 -22.557050
-66.833930 -22.578056
-66.856249 -22.597793
-66.879884 -22.616179
-66.904742 -22.633141
-66.930720 -22.648609
-66.957715 -22.662521
-66.985617 -22.674821
-67.014313 -22.685458
-67.043686 -22.694389
-67.073617 -22.701577
-67.103984 -22.706994
-67.134665 -22.710618
-67.165534 -22.712434
-67.196466 -22.712434
-67.227335 -22.710618
-67.258016 -22.706994
-67.288383 -22.701577
-67.318314 -22.694389
-67.347687 -22.685458
-67.376383 -22.674821
-67.404285 -22.662521
-67.431280 -22.648609
-67.457258 -22.633141
-67.482116 -22.616179
-67.505751 -22.597793
-67.528070 -22.578056
-67.548981 -22.557050
-67.568401 -22.534859
-67.586253 -22.511573
-67.602463 -22.487286
-67.616969 -22.462097
-67.629711 -22.436107
-67.640641 -22.409423
-67.649713 -22.382150
-67.656893 -22.354400
-67.662154 -22.326285
-67.665475 -22.297917
-67.666843 -22.269412
-67.666255 -22.240884
-67.663714 -22.212448
-67.659231 -22.184218
-67.652826 -22.156308
-67.644526 -22.128830
-67.634365 -22.101894
-67.622384 -22.075609
-67.608633 -22.050080
-67.593169 -22.025408
-67.576053 -22.001695
-67.557355 -21.979033
-67.537150 -21.957514
-67.515522 -21.937224
-67.492555 -21.918244
-67.468343 -21.900650
-67.442983 -21.884512
-67.416576 -21.869895
-67.389228 -21.856857
-67.361050 -21.845450
-67.332153 -21.835721
-67.302652 -21.827706
-67.272666 -21.821440
-67.242315 -21.816945
-67.211719 -21.814242
-67.181000 -21.813339
